5349 278
5566 3105
2363 2541
3935 3128
4026 6567
1045 4463
3444 599
3049 5963
1036 2666
2960 5703
2198 112
448 957
3848 5548
2817 6481
5169 3848
5169 4305
3848 4305
3848 2867
1377 4356
2689 1506
1506 6461
2752 5901
5495 6500
3224 3487
5175 2732
6292 2837
6035 946
5816 178
17 6567
6567 1608
5363 402
322 273
5322 2762
6056 5162
6056 1608
75 1539
3952 2744
2408 3625
2187 4941
6567 1799
234 4623
381 5465
2187 4697
2187 228
4076 4899
2822 4742
1079 1273
3203 1544
1135 4362
1361 4362
3990 5092
1720 3549
1498 5960
721 1201
266 6064
3051 4285
4149 1502
871 3132
871 6034
3132 6034
1449 4776
4776 6135
6135 4801
4258 1196
6110 3606
3837 6342
567 6603
1332 3681
2238 5716
1547 4570
4948 4381
2220 5258
4751 205
4606 3003
976 5270
1666 2480
1666 297
1666 844
2480 297
2480 844
297 844
1449 2220
2220 190
6135 3839
3000 6473
6135 214
3606 971
6225 5091
2545 6002
4180 2809
2084 2060
5432 1102
158 6236
4565 4776
3792 6408
4019 6408
4019 2640
6408 2601
6408 1577
6408 2640
2601 2640
1577 5537
2640 5482
5707 1550
5854 4516
2130 6603
3469 3977
407 6408
4568 5055
6549 103
3557 1386
5440 2860
1664 704
109 704
2215 2722
2215 2448
227 1258
450 3227
5124 3173
2084 4931
4353 1207
4153 5429
1921 6408
288 4043
595 4101
595 108
595 844
4101 108
2445 5642
6525 5140
2130 3606
2664 3189
3189 1216
3189 2640
3189 5482
214 3703
6559 5255
5938 6408
3606 1013
4293 1120
1120 4070
5939 4565
5939 3839
4565 3839
3839 4776
1335 2026
4740 1348
565 2084
2718 195
3521 6037
1265 5009
1200 6079
6079 2286
2107 5622
5035 5143
2349 2954
1469 3737
2886 4666
2107 5707
244 2109
3173 5532
3173 2349
5124 5532
5124 2349
5532 2349
1758 1676
671 2925
3681 2809
2702 1427
4675 777
5347 5702
5165 3600
3173 2954
5702 4565
5318 3226
6523 4101
1944 2336
5938 52
5938 4572
52 4572
52 6408
4572 6408
5590 5049
4820 1029
4565 610
3189 3679
5482 3679
6349 5124
6349 3637
6349 3173
1577 3792
3026 1928
2094 1218
5536 5306
750 3148
3189 2047
1457 1511
3083 4969
4969 3758
4565 2350
965 6037
2809 3616
1427 4030
1443 1426
3606 1487
1013 1487
6310 5084
6310 6201
3593 6381
6381 6302
4565 5347
167 671
167 2925
3840 2542
563 3914
2942 1827
4279 182
5992 58
809 5347
4977 2100
4977 3448
6310 488
3707 5828
4052 6502
5734 3993
4362 2454
105 610
3606 5536
5536 1487
3187 6369
4279 4698
182 4698
4675 6587
4279 6539
3940 5435
632 2160
2793 1425
5551 2109
4565 3355
4565 4446
1676 4565
854 5386
6408 6242
3996 4279
6072 922
5702 1459
1760 6328
6046 5527
1491 4740
2866 4704
570 3258
3539 4658
621 3890
2141 174
2141 5183
5429 1296
5429 2834
1296 2834
2834 4153
6268 106
3189 4837
3189 1907
4608 6191
5938 5147
5938 3696
5147 3696
5147 4572
3696 4572
2866 3351
2866 4323
2866 5511
2327 2516
2516 2413
3028 6560
2616 6383
3398 4736
1939 756
2068 2109
2326 1619
2326 6466
1619 2460
1619 6466
2223 410
1478 480
4776 3673
1553 2552
3213 5716
6475 6215
1891 241
4960 3189
675 3706
6506 3942
2944 5435
675 2915
2915 3706
4362 2218
5551 2068
3236 5869
5869 1814
3969 6514
5921 2010
6268 5716
3802 6315
314 1475
314 5462
1475 5462
6 2729
5255 1184
1184 6559
3634 2884
12 2313
3325 418
466 2148
298 1553
1055 2120
4308 4271
1480 4259
2349 6349
108 558
2130 1487
1929 5977
1929 6208
5977 6208
1577 106
2124 1148
1324 296
788 4565
2350 1859
851 5978
851 4969
5978 4969
6434 5092
464 4564
3839 2812
4090 998
4186 2026
2557 1760
4739 477
3038 3938
3618 4717
3942 1183
3009 3048
1593 532
6466 1450
1450 1619
1507 4554
3122 3399
442 5716
2344 3173
2344 2349
154 2189
154 705
154 4565
154 108
2189 705
2189 4565
705 4565
5992 2375
4616 6408
3043 595
1443 5425
1443 2195
5011 3755
3755 411
3755 235
618 2903
3092 2429
1238 3789
2508 37
864 328
1086 1842
1901 6346
5998 2925
2173 328
4969 5212
1941 4362
2583 1864
1316 6055
5783 1491
109 3024
4529 1218
5318 5205
5205 4969
5205 6511
5205 3226
1622 4808
2927 4674
2927 328
4674 328
4977 2046
2552 298
6519 745
4927 3531
4366 1664
5916 3817
5783 4740
3303 5231
6408 4036
4036 6242
2963 5349
1218 2875
5899 2340
5899 3902
2340 3902
4136 560
6390 6252
6390 5680
6390 1363
6252 5680
6252 1363
6252 4256
5680 1363
5680 4256
6186 6420
2521 4453
914 3582
6176 5714
3889 2221
6194 5200
1611 1094
1611 3368
1094 3368
4574 6482
617 365
5368 5873
2166 3483
2461 5741
3567 1912
5695 4908
3498 3727
2175 5379
44 554
5891 2045
1285 4176
2562 6336
3858 937
6464 2203
928 420
420 6336
4139 5775
2166 2422
2166 5526
3483 2422
1994 6581
5395 2446
2590 1931
2016 680
5253 5795
2816 3044
2639 4392
4671 1708
4671 2004
4671 3890
1708 3890
2004 3890
4273 6107
1954 1094
586 1567
586 791
586 469
1567 791
1567 469
791 469
469 6139
5991 2842
5991 3166
3277 4222
4980 603
4102 4969
5801 3890
5770 2527
5002 1735
700 1283
700 2631
700 6395
1283 6395
715 4543
715 5974
4118 2798
715 5452
1725 2691
108 6523
5533 3097
3067 1093
3572 715
1686 261
4807 3462
5620 3710
108 3043
108 4548
4101 3043
4101 4548
304 1270
2150 4351
10 2710
2896 715
672 4008
1448 715
108 3601
2260 4342
5269 4394
5593 1060
4437 4280
2296 2800
3642 5352
3642 1963
3642 347
1030 1765
1184 1443
3099 3531
6556 4168
2283 5616
2067 2405
3715 5303
570 3803
2904 2100
2904 4977
6199 3259
155 2416
6252 5912
4791 4390
6199 3741
2803 210
5574 5349
5574 2697
5349 2697
5632 1370
6150 1880
4991 3006
4474 3735
4331 2315
6252 608
5912 608
3028 28
2320 6370
2320 5330
4977 6573
1127 4007
4350 872
1443 3345
1683 2904
2450 973
4977 5751
3866 5808
661 816
2085 3313
1989 3259
5149 277
3807 4541
5802 2260
2297 2260
5241 6167
5416 1018
3519 2568
4341 2958
2071 960
457 2581
3413 4920
3741 2963
3741 5349
851 3154
4341 6411
6233 4298
2326 1450
1619 6188
2603 1248
2244 4584
2474 4112
5116 5927
2315 1932
1102 5913
4629 6217
5477 4996
5951 2657
659 1609
3952 1586
1586 2744
65 4924
6014 4924
5126 5183
63 3820
2523 46
703 1793
1889 3692
676 1393
3676 1393
5507 452
1847 3034
3315 3139
3063 6130
1613 4229
4924 2679
2315 5067
1754 4690
1754 3704
1754 1192
5733 3994
4889 3349
3445 4596
3445 1646
3445 642
4596 1646
2406 2945
3733 3152
4467 3256
4467 5154
4467 760
4467 4792
3256 5154
3256 502
3256 760
3256 4792
5154 502
5154 760
5154 4792
502 760
760 4792
2930 3704
2930 2428
5144 5743
3954 3390
6143 3269
6143 6488
6143 4987
6143 605
3269 6488
6488 4987
6488 605
4987 605
2464 1156
2421 2181
1901 355
1901 3211
1901 5343
355 3211
355 5343
3211 5343
5174 5866
1636 531
3009 2108
3009 1515
207 243
4792 1807
3256 2413
3256 1807
760 2413
760 1807
2413 5154
5154 1807
2983 3319
4198 4201
5383 716
4562 1093
3778 4236
262 1277
966 2098
3283 1920
3283 262
3283 4021
1920 262
1920 4021
4508 3093
4508 3596
4508 1980
6554 4530
1765 3958
3526 4048
5385 4100
2700 5007
1825 4451
3810 4235
2606 6579
4662 700
5634 5342
5093 5874
5093 5295
5093 5386
5874 5295
5874 5386
5295 5386
318 321
321 956
3380 4961
3755 5183
502 4291
3072 3370
3072 2976
283 4969
4969 1007
5947 5522
5947 481
3256 1212
2413 1212
1458 3256
1458 6588
1458 1576
6588 1576
3244 6452
3244 4430
6452 3899
6452 4430
5688 4389
5263 2856
912 1432
3796 5085
5936 6418
4867 5757
4867 2507
5757 2507
4947 5431
4415 4198
3321 4433
3321 5967
3321 5568
258 4478
258 209
258 5260
4478 209
4478 5260
209 5260
5757 5574
2413 1815
2413 5677
4443 3833
5867 3833
5013 6595
5800 4126
1606 1783
2638 2748
2638 6279
2748 6279
6279 4711
4924 5488
134 3700
3996 236
5916 3813
2076 5643
2301 2410
3769 2244
3769 1173
2244 1173
5062 1320
3234 4715
3930 4715
187 2134
2175 310
310 5379
2016 1133
3561 858
4314 1163
1139 379
964 6570
2017 6151
3702 5144
2127 4157
218 4157
3009 4411
3109 5757
3109 4977
3109 5982
4977 5982
3982 3697
3688 3853
5304 5178
5304 206
5178 206
5038 4946
1437 2014
2014 1886
2434 6463
2198 1020
2198 1852
2198 6050
1020 1852
1020 6050
1852 6050
6050 3046
4730 2138
2624 3055
2413 3087
2413 2393
2977 533
2680 1242
4800 2433
5533 182
445 5399
6491 1327
1327 2484
1927 6067
2866 4674
5030 3028
2646 168
2403 3349
4427 5076
4427 6198
6606 361
5166 361
2403 6367
3349 6367
3349 3559
3417 1815
3417 4969
1815 4969
1815 361
4969 361
1406 4252
3067 6346
1093 4924
1093 6346
4969 4990
4265 1559
1559 2078
6452 2413
6452 2516
5496 3381
2516 2580
2413 2580
1920 3595
361 1874
1815 1874
6388 4969
4969 5082
887 1149
4021 401
4144 1212
6335 5542
2830 3661
703 5791
2566 6554
3853 5952
3853 917
5952 3688
5952 917
3688 917
3349 5757
1099 3536
6387 5919
1327 6026
2484 6026
5677 2516
6305 4880
1056 4236
5334 4622
2252 2139
2252 3560
2252 1286
2139 3560
2139 1286
3560 1286
716 1850
6452 5042
6452 4413
4781 3256
4781 4086
5013 6360
3256 6551
2492 4417
5533 6505
1497 5925
3092 3221
3736 6240
4295 1605
2602 2113
5080 3058
2558 388
3074 3370
1607 5491
5757 5366
1828 147
1828 5179
3814 5179
495 4738
495 6465
5652 6078
4111 275
4812 5183
2716 3794
2716 6351
3794 6351
420 2562
420 4538
929 4833
262 6360
262 5013
3510 6545
4116 2268
2678 192
2678 5950
192 5950
713 5950
269 5533
269 182
5533 2302
182 2302
1514 6146
6351 6284
2716 6284
6533 5019
1005 5062
5062 5559
1320 5559
3256 5757
5627 1850
581 360
4686 360
1992 5141
1711 1633
3883 1822
3883 4194
1822 4194
1948 6127
1948 4074
3085 2520
3393 2520
3256 6346
6237 2116
1512 5533
1512 6505
3410 6286
4279 4293
4293 182
5897 89
6234 3241
2766 5746
3868 652
5757 512
979 6226
6069 2895
3114 491
1397 2973
836 3370
3178 3175
4146 772
1277 4267
4982 5652
1788 4865
4865 1765
5451 5567
1003 6423
45 2089
45 2339
45 4945
2339 4945
4841 541
2325 1835
1009 2845
25 151
1684 898
5204 398
4803 4298
6055 5881
6055 2216
5881 2216
527 3543
527 1499
5013 1920
962 439
1277 1855
2968 5111
4629 2681
4442 6217
2681 6217
2467 4969
6547 2604
6547 5706
2604 5706
4247 1014
4247 287
631 5662
3675 1313
3074 5104
3074 3206
3074 4393
3074 1308
5104 3206
3206 125
1865 1878
6456 850
850 2297
2475 3330
3480 262
4184 262
262 118
6102 658
6102 4828
6102 4705
6102 1446
6102 351
4828 4705
6266 3079
3149 5792
2617 3434
6083 5371
1920 401
3290 5649
6569 45
45 2595
4945 2595
6386 1696
2465 6182
3847 6570
2099 6570
1810 1320
1810 5062
5641 1868
5195 1093
3691 6580
2571 5784
1098 2500
1439 5303
2707 5065
1568 5065
237 4406
2465 6532
5282 491
5321 989
6496 1431
4202 5649
6269 3290
4145 2236
1767 807
543 2584
1176 262
1176 2907
262 2907
326 421
326 5618
326 6082
326 682
421 5618
421 6082
5618 6082
5618 682
6047 3455
6082 682
1747 4957
4091 4957
5089 5311
4124 1965
4124 5954
1965 5954
1420 2077
2790 1965
1737 4973
2509 4969
5824 1627
1970 4897
1514 4938
1620 262
1620 1277
5945 2019
2927 2948
4674 2948
5666 2386
1185 2802
3879 2678
3879 1856
2665 1856
5439 4930
1606 6015
1606 4400
1606 4930
6059 4400
6059 4930
6015 4400
6015 4930
4400 4930
5182 2160
2053 6155
6436 942
6436 4220
6436 1519
942 1519
1099 1451
2453 6130
6374 2181
6374 4141
6374 930
6374 5765
6374 5286
2181 5286
5765 5286
421 1986
5618 1986
6082 1986
1986 326
354 3254
3254 6173
5533 984
3490 4414
2183 3978
659 4514
2380 533
355 1509
355 3331
2382 5289
1736 897
5789 4256
4647 4785
3362 6003
160 2678
160 5062
160 1320
2678 5062
2678 5662
5348 5065
1434 2075
4843 3931
4872 6303
4027 1571
5951 1480
82 6551
735 3254
5631 3254
3254 3299
3254 3301
2855 2934
2977 5884
5846 533
4650 3481
1098 5750
4042 4284
4977 5930
5794 2160
3712 2082
2869 4824
5662 5838
5662 4810
5838 631
3658 2137
5062 2899
5062 2479
1320 2899
2899 2479
460 3682
460 180
3009 4313
3025 2575
5150 651
4082 5313
5313 1232
1782 2289
5736 3306
3306 486
3306 3652
191 420
3377 5593
2186 4251
6346 2413
899 1828
1443 404
5425 404
2032 6004
1250 120
1083 6231
3489 6012
1833 4465
6508 5235
4965 3836
6575 3254
2724 1656
1654 3428
3129 4863
3129 3011
1431 5509
6105 2245
5563 3216
5563 3788
3216 3788
5016 5490
5016 2030
2020 6264
2020 2768
4321 2727
2655 3219
1680 2645
5052 3584
3171 550
3171 4171
550 4171
4314 2439
1163 2439
4267 262
5707 3842
6463 2885
6463 2985
4513 4113
4113 4504
489 2197
3879 6405
4330 509
1072 2074
3805 3482
561 479
6468 5105
4338 5105
4819 6222
1305 5004
2602 3734
2602 4156
5217 2255
5217 2922
5217 1069
3542 6141
6141 3763
4279 236
236 182
372 262
3464 3880
2842 1014
3101 1014
3101 4247
399 6038
678 724
1704 4105
2943 537
4973 4074
786 1754
4620 1754
1754 5605
3155 5183
3155 5774
3155 4320
3155 4303
5183 5774
5183 4320
5183 4303
5774 4303
6212 5883
700 2079
4546 4953
2677 634
2677 5625
6533 55
2120 5129
24 3976
4713 1961
262 468
5102 1075
353 2939
2984 5069
5521 5069
2260 4907
4827 3290
5062 594
160 2236
5062 2236
2678 2236
1765 510
4197 1093
6269 5649
1754 5554
5605 5554
1653 2423
2146 3402
4078 6248
4427 3474
210 4144
210 1401
4144 1401
2216 6403
4138 4256
4138 1936
4138 2274
4256 2274
3392 2417
2417 1941
611 986
2003 5813
700 1780
2910 4053
1780 2079
2631 3676
1506 4142
3335 1513
721 1019
1750 3123
26 282
3037 377
137 483
5834 5587
5816 4601
6396 6520
6520 1134
4236 795
4236 1629
4236 845
1629 845
6243 60
1189 2832
3237 4063
3963 3667
1388 1095
2941 3798
5286 5006
5286 3138
5006 3138
1417 4831
1754 374
819 5232
1526 611
3449 3296
903 1892
3976 2550
4178 1474
3670 6154
4360 3874
82 4969
1028 3627
2118 1877
2392 6283
2761 1935
5198 6346
4481 1784
5728 4969
3064 132
743 166
1004 1441
323 5721
2625 2381
2625 1186
2625 3570
2381 1186
2381 3570
1186 3570
6400 1773
5468 5216
4879 5297
1746 1014
5069 1520
2516 3256
3256 6452
3256 2580
6452 2580
6283 3196
3196 2392
638 4916
2826 2468
4357 2206
3225 6106
4713 1160
3075 1435
1284 1144
2382 165
5289 165
185 6458
6458 1781
5798 5579
3240 1971
1253 1340
220 3231
5563 4087
683 6452
683 4430
6458 1557
533 3721
6294 3941
400 5294
3 6347
6347 2412
3126 715
4883 2412
4883 1998
4883 6347
2412 1998
1998 6347
5889 5626
6371 687
85 2474
3433 1023
1483 4859
3553 2753
708 3534
3769 3027
1173 3027
4032 225
882 5469
882 856
882 4848
5469 856
5469 4848
1645 312
4930 4035
4400 4035
2662 6499
5955 4617
3183 3553
3062 1250
989 2414
2414 3779
401 3283
4798 5261
6288 4461
6422 2414
4634 2131
3619 2861
5685 2861
4166 1703
1226 2627
2300 2894
85 4233
2545 306
6002 306
4438 5766
4175 4147
1179 3605
5238 2447
5238 3605
1614 5575
1614 4643
1614 3714
5575 4643
5575 3714
4643 3714
4397 2637
4397 4757
2637 4757
3782 2938
5915 5804
1303 5804
5709 3882
5709 1326
3882 1326
896 2651
5875 5296
5691 3891
3110 879
879 6309
6309 1651
1651 2306
1651 4374
4195 3956
4264 3956
3309 6219
5251 3116
5251 2974
5251 5365
2974 5365
2974 4954
5365 4954
5393 2974
5570 879
4422 879
4780 5248
5739 5248
5726 5248
4821 4520
4821 1267
4520 1267
1152 2170
5806 2477
4520 2897
4821 2897
540 2033
540 1259
3511 5806
2033 1259
2033 5108
2033 3384
3140 6447
3140 2033
6447 2033
3513 4994
4092 3579
1346 1233
238 6476
6476 5103
3709 171
2998 3650
5908 3271
5908 6348
3271 6348
1429 4774
1785 4354
4354 4774
5902 5946
3956 171
3956 629
171 629
4539 2319
4425 5177
1254 2769
2769 4528
1011 751
2167 5058
2167 6290
2167 1085
5058 6290
5058 1085
6290 1085
5238 1991
6183 1349
938 3777
6000 5283
5058 2133
2133 1085
1085 2473
5418 5663
2779 3021
2783 3309
2783 6219
6169 5995
6061 4526
5663 6276
5264 925
5264 5122
5264 4315
925 5122
925 4315
925 4655
4315 4655
4315 4942
276 3068
3267 5248
3267 5739
2728 4521
5167 4397
5804 4397
6256 1303
2456 1621
920 161
4388 4441
6043 6413
2725 580
5788 6309
5788 2430
1677 2728
552 2728
4493 114
3174 5953
133 4137
2390 4520
1413 3605
3605 2517
6219 2658
2658 3309
169 3307
1068 3753
3323 4615
3323 4757
4615 4757
219 96
4071 5201
493 4520
493 3718
493 2897
4520 3718
6029 1151
3617 252
3864 4754
1070 4758
1612 1233
1233 216
1875 3602
13 4757
4458 3834
3476 549
5718 5186
2769 5787
1555 4826
4521 2759
2759 1070
1419 5753
5121 5640
5121 3463
5640 3463
5575 5664
5664 3714
5664 4643
499 2821
4065 1391
4065 5720
4065 6140
4065 4188
4065 5472
4065 1070
1391 5720
1391 6140
1391 4188
1391 5472
1391 1070
5720 6140
5720 4188
5720 5472
5720 1070
6140 4188
6140 5472
6140 1070
4188 5472
4188 1070
3406 879
1770 2974
1770 4075
2974 4075
2738 5600
333 4434
4655 1873
2033 6219
2033 2658
5528 3920
5705 3891
3579 891
891 4092
1555 1054
2228 4846
5132 2123
5132 4290
5132 2735
2123 4290
2123 2735
4290 2735
2330 2563
2330 3441
2563 3441
1255 255
879 3540
879 4509
3540 4509
1421 832
114 6006
114 664
4735 1651
5993 1236
4438 497
5718 3264
6527 1364
2852 3920
199 668
5108 2266
2266 2033
2266 1259
171 5857
1131 188
2847 3098
4095 3098
4095 2496
4095 3861
3098 3861
4407 6219
3135 5292
2978 204
3468 2690
498 5029
5503 5041
5503 1582
5041 1582
2619 1582
879 4120
4023 2847
4023 3098
879 2370
5720 4290
6039 622
1391 4290
1583 4757
4677 3228
4095 5895
4095 239
4095 6121
5895 2496
2496 239
2496 6121
239 6121
5520 5575
5520 1614
5575 5224
1614 5664
1614 5224
3714 5606
4232 6329
5390 3911
3264 5720
1590 3432
4598 6397
1702 3163
4159 1743
3956 1743
3956 371
188 465
5393 4075
427 4720
5119 2974
4720 2974
5409 4970
5655 5529
5529 373
4934 1504
177 3088
3085 636
5327 4939
4676 2719
6039 5529
4903 3912
4278 5134
4278 6309
6039 5493
4720 668
3267 5726
1745 5793
3605 944
944 2517
22 5575
22 1614
2070 5864
3140 2266
2811 3524
6476 1221
3723 2104
3723 2430
4327 6120
4327 2104
4327 2430
6120 2104
6120 2430
2104 2430
2104 3133
2430 3133
908 5328
908 5847
908 5972
908 6324
5328 6324
5847 6324
5972 6324
2342 6129
4512 939
646 5310
4858 4441
2000 4458
4065 879
879 5720
879 1391
1188 4495
2358 968
2358 1276
968 1276
194 6316
6316 1048
3714 2738
3714 4870
2738 1716
4290 3550
4290 3094
4290 2974
4290 5365
4290 4075
4290 5393
4290 3032
3550 2974
3094 2974
3094 5365
3094 5393
3094 3032
2974 3470
2974 3032
5365 4075
5365 5393
5365 3032
4075 3032
5393 3032
3353 3762
3353 6329
3353 4232
3762 6329
4858 3965
4348 1109
4887 4719
4887 5119
4719 5119
5788 114
3891 456
2262 2649
79 2649
630 114
4789 114
1831 6309
967 4316
967 5761
4316 5761
6095 3609
4521 5900
825 3801
254 4290
254 3094
4440 925
5961 5132
5961 4290
5961 2735
5961 2123
5096 2202
2355 5830
629 4195
629 4227
4744 4757
1834 5809
1206 2888
194 5470
1806 438
2622 494
3614 5327
3614 4939
2756 3845
2756 5050
3845 5050
1479 950
1479 6309
950 6309
4364 739
2168 879
5097 2237
2126 1665
2719 3032
549 4720
2551 221
2551 5168
221 5168
1772 5400
5940 4130
216 1346
98 5087
256 5087
5739 879
3550 5870
3218 4216
5720 2974
4188 2974
4188 4290
1391 3550
1391 2974
1246 4232
1246 2974
4232 2974
1070 2974
1070 4290
255 3631
3045 3338
1137 2596
3974 1462
1548 4988
6384 5701
5687 6391
6095 5720
4870 3818
13 4615
5359 4615
5359 4757
1172 4266
1358 2889
2889 3228
5461 3103
3157 5332
3002 188
5529 622
3364 2576
4870 4643
526 2974
729 4720
199 2974
668 2974
950 4858
879 1177
2370 1177
4575 6190
1044 1391
5739 6433
4685 3915
5070 1206
1070 5365
2477 2612
2738 2231
3094 5119
4290 5119
4887 2370
879 4239
1640 440
1772 865
1772 773
865 5400
3800 622
3374 1121
3374 1759
1121 1759
5328 3364
908 4958
908 5455
908 3364
4958 5972
4958 6324
4958 5455
4958 3364
5972 5455
5972 3364
6324 5455
6324 3364
5455 3364
4910 4434
2740 3867
2246 6001
2246 552
1578 463
3476 5050
549 5050
5860 3032
3895 5206
3895 4119
5206 4119
5739 5158
3094 3472
1724 6329
6329 2974
1924 5156
1170 2463
6140 2974
6140 4290
4065 2974
4065 4290
4221 181
3818 88
5031 88
2199 5665
2199 549
5665 549
1109 3365
552 4521
2199 3215
6379 5720
3665 4778
4778 4723
6192 2974
6192 5365
2931 2974
2931 5365
2931 4954
4734 4224
148 2644
2466 2001
2001 5655
2001 5529
2001 6039
5655 6039
3364 116
3364 4419
2576 6324
908 116
908 4419
4958 116
4958 4419
5972 116
5972 4419
6324 116
6324 4419
116 4419
2759 4327
3965 4441
4887 526
1206 5809
6329 1070
2888 5070
5565 1582
2322 6414
2322 4847
5455 116
5455 4419
3857 6000
3476 4719
3604 2741
2371 3374
6140 1158
1206 1834
2974 5087
3664 1419
4388 3612
1640 1213
3378 1641
1641 6327
1641 5441
6327 5441
814 3891
1575 3347
3685 950
4858 5604
6316 5470
6356 2969
5497 3100
4490 5528
1391 6379
1391 1548
1044 1548
4315 1873
4778 5710
4117 138
879 3609
5878 4854
4441 950
4441 1724
6433 526
386 6577
694 3017
68 1888
3787 3612
4531 4290
3088 4804
6316 6332
5483 3816
5788 630
5131 766
622 5655
6272 2991
6272 1541
5492 2420
747 6119
950 4388
4072 4095
3904 6140
622 6524
3609 4188
1070 4954
534 6300
5284 5928
6472 3195
1623 6260
1623 6542
3764 6260
2062 607
1323 6016
1323 3409
6016 3409
3955 2365
2951 405
847 2270
1821 5140
1821 6525
2174 3894
1050 5690
5582 6341
2848 84
1081 1632
2940 5675
722 2153
2291 3419
6057 4080
3885 5983
3885 4523
3885 5274
3885 4849
3885 6077
3885 616
3885 5018
3885 2482
3885 3109
3885 4077
5983 4523
5983 5274
5983 4849
5983 6077
5983 616
5983 5018
5983 2482
5983 3109
5983 4077
4523 5274
4523 4849
4523 6077
4523 616
4523 5018
4523 2482
4523 3109
5274 4849
5274 6077
5274 616
5274 5018
5274 2482
5274 3109
4849 6077
4849 616
4849 5018
4849 2482
4849 3109
4849 4077
6077 5018
6077 2482
6077 3109
616 5018
616 2482
616 3109
5018 2482
5018 3109
5018 4077
2482 3109
2482 4077
3109 4077
5000 5444
259 904
602 624
1997 5421
665 1926
4161 2019
981 2581
3031 4343
1297 1615
3385 2730
1933 609
609 1532
5071 3931
589 6033
2672 4223
720 1779
2872 131
4856 5508
5213 3185
5213 5286
3185 5286
6323 4607
2951 602
1763 1111
4233 5722
692 3202
1470 3586
6354 951
2996 5136
4603 5136
4888 4836
4614 212
5975 2233
5767 1753
6477 2962
1394 3260
4183 496
4856 1227
5325 170
170 1937
2177 3848
1006 5081
2731 1732
352 557
776 3825
776 4469
4544 249
2675 2804
2675 2171
2804 2171
2883 6092
2883 1843
2883 471
2883 6164
6092 1843
6092 471
6092 6164
1843 471
1843 6164
471 6164
3418 796
849 4724
5603 142
5603 1219
142 1219
6261 5367
2143 5290
6108 4950
1710 513
1710 4950
513 4950
2171 6149
6149 2804
2007 6317
4802 1738
4802 6320
1738 6320
4815 413
6404 1748
3373 3716
3373 5130
3716 5130
5560 4277
4813 3310
4813 4923
3310 4923
6317 820
6317 2213
2007 820
2007 2213
820 2213
3613 789
3613 5778
344 602
3966 783
4749 1527
6153 384
6526 2371
5305 2371
4402 2804
2034 2804
1678 940
815 5444
5444 955
3756 1663
1266 1663
3628 2797
6254 4066
337 5311
609 910
5257 5759
5257 5850
5759 5850
1106 5850
4428 71
438 4723
6210 5670
614 5444
5444 6134
253 6479
5137 2310
6177 3558
3928 5039
1161 4025
2441 5803
5609 3613
5576 6541
3897 3981
3897 1959
3981 1959
1642 5159
1642 2957
2549 2804
279 2535
34 19
4203 1952
4203 6220
4203 4121
3538 340
3538 5259
340 5259
861 1897
4975 3298
1733 869
5320 1229
5320 5861
1229 5861
4203 4152
4203 2059
2751 3645
3518 4577
3766 3376
3518 2843
3518 2975
2843 2975
2975 4577
5 3607
4254 3748
695 5259
5389 5146
2569 663
2459 2872
5621 99
4621 4203
4621 4152
4621 4121
4272 5367
4217 5367
5381 5367
6479 2193
6479 2161
2518 2161
2193 2161
4059 6250
6149 2549
62 2804
2675 2549
3545 2135
1556 2135
6117 403
1996 4950
1732 5083
1732 6368
3731 2887
4950 5837
2276 3506
3869 4660
5639 5444
5639 1404
3386 1402
3386 3426
3386 4268
1402 3426
1402 4268
3426 4268
4693 4734
1292 2574
1752 2293
1752 3407
2293 3407
5374 1988
4359 1162
4359 691
4230 1162
1162 691
5562 245
5075 625
2873 1585
2975 1552
727 1552
1552 4577
4033 1829
1394 340
4569 340
484 6455
4395 5479
5259 4805
3879 6530
4097 3503
4462 376
4462 4094
376 4094
2345 3320
4119 2285
1523 3042
2634 6510
796 6510
3418 6510
4591 1816
4334 3007
4813 2808
4923 2808
3249 1552
1527 1275
614 5000
366 1473
366 5444
1473 5444
3341 5444
5981 1333
3999 2882
4771 1594
5467 370
1565 245
3722 6307
1239 5711
3331 4877
3331 4365
4877 4365
4684 1642
3404 6109
3971 1408
4203 5839
4621 5839
4621 6220
2435 830
1132 2135
919 2135
1343 2871
34 2871
34 6114
2871 6114
4665 6114
3611 6114
6148 1527
5046 4447
5046 1527
4447 1527
1697 1527
5389 4482
4700 1409
6090 5356
6216 2279
0 4396
0 5849
4396 5849
2632 2401
974 1501
1527 4975
765 3418
765 796
1820 2491
4587 2731
4840 5280
755 392
2437 3784
1333 4573
828 5130
1953 2225
2882 1485
1485 3999
2229 2197
2197 6510
6031 934
2135 4347
755 1601
755 6480
1601 6480
1021 2982
1021 5256
2982 5256
4073 4246
5577 1405
6485 3742
392 1601
392 6480
609 6307
2820 6031
2304 2772
2012 2240
5820 2240
1811 2240
5320 2387
5320 4636
5861 4636
2387 4636
4636 1229
2731 3711
6377 265
6377 3999
6377 2882
6377 6421
3999 6421
2882 6421
1485 6421
511 2225
511 1953
609 5290
4861 6320
1527 4253
409 5638
2726 1690
2726 1527
1690 1527
5778 954
3613 796
3613 954
6504 6123
6504 4038
6403 350
5444 4640
5389 3360
1143 4950
6271 4591
5888 2635
5444 4894
5518 5639
4919 1925
344 1925
2135 2874
4068 5012
1805 5256
3066 1293
1165 2519
1918 1925
245 5556
2243 5211
3475 2144
4661 4656
4661 4950
4656 4950
4950 4545
5115 4585
6377 6541
72 5110
3749 6546
6566 1155
3361 713
434 71
434 4428
5525 2771
1649 5167
3748 1523
4254 1523
5814 2122
5814 1523
2122 1523
6438 799
6561 4385
327 4950
4557 4158
4557 4950
4158 4950
4732 762
4349 2506
2241 868
1719 4233
5245 4233
4880 918
568 2065
89 5449
4477 5299
984 182
4608 4969
4608 2374
4608 5845
4969 2374
4969 5845
2374 5845
2333 2660
818 3651
818 4160
818 4909
4160 4909
2866 2173
4704 2173
3351 2173
5489 826
9 2641
2127 5944
2241 2474
2948 328
5500 4300
6036 2212
3659 3199
3132 5218
6034 5218
3775 233
4816 1399
6511 4163
5205 4163
2393 3256
574 976
4901 976
5563 2296
4087 2800
1941 2218
3509 3991
3509 2906
3991 2906
2316 1407
4044 5662
3331 4248
4248 4365
1263 3280
3478 4244
4208 6175
2836 2065
6488 4582
933 4786
933 2633
4856 5454
1698 4283
1698 4546
5764 4546
262 3439
1919 1476
404 95
2866 1093
3967 3005
3967 6592
3967 4377
6592 4377
767 1191
1191 4112
1093 2849
4775 2648
4775 6604
6085 2540
6085 5969
2065 2525
3395 3314
5318 4692
3568 316
3568 1796
316 1796
1272 5360
1272 2609
5756 4851
6535 1318
4366 3236
4664 4882
1587 816
328 468
4212 994
3637 2349
3980 1090
3009 5343
1116 4255
4187 812
2075 3854
3651 6535
3651 1318
5532 6349
5532 3191
532 6589
4371 3214
1596 5533
4922 3132
631 568
780 4321
2015 5841
3070 5649
2003 5649
5756 5916
3349 1712
3349 798
3256 1815
5434 3190
1898 1252
1226 975
6299 810
6610 1403
6610 1384
6610 368
1403 1384
1403 368
1384 368
3185 6374
2754 3535
2754 2863
2754 3039
2754 2073
3535 2863
3535 3039
3535 2073
2863 3039
2863 2073
3039 2073
3118 4635
3236 1791
5865 2983
2864 2173
1322 5944
2209 2474
990 744
4492 6477
4492 2962
3396 6027
5662 5059
5430 2185
1257 6604
4878 3464
1800 798
2914 1522
5547 3848
3552 5765
801 5569
2989 2451
806 2451
4193 5717
2006 4627
5244 2274
6072 3502
922 3502
1813 4880
1836 5810
1004 873
976 916
6371 3411
687 3411
1625 2092
141 5183
518 2547
1356 1472
5286 1380
4281 4635
1064 6494
505 4753
2555 1999
905 2866
5605 3871
1754 1647
6501 1600
3830 6205
6205 874
6323 268
3578 678
6128 5183
2260 303
1024 3950
3950 3884
4971 4122
4122 1063
2472 6363
884 457
3991 1477
3991 5442
3509 5442
5442 2906
3349 6172
798 6172
4925 5817
5817 115
505 4860
990 5295
744 5295
5086 1314
3500 4544
2308 897
3879 6253
3879 4974
6253 4974
2388 1728
269 4279
1263 5203
6060 5817
781 4325
3190 3125
4000 4275
3278 3372
3278 3272
947 6239
6239 855
6239 3695
592 1754
2141 176
1354 5533
5677 6452
5677 2580
4454 3413
4454 328
4454 1455
4454 1699
2745 5838
2745 5662
5133 524
5375 2274
5152 4880
4880 3998
1403 1445
6610 1445
1384 1445
89 4244
4096 6334
404 3767
5262 5869
6462 6258
6462 6013
6462 6295
6462 2526
6462 1330
6258 2526
6013 2526
6013 1330
6295 2526
6295 1330
2526 1330
401 262
4382 5301
5268 6478
6499 3678
969 6499
5683 5986
6015 6478
5275 1866
4191 5958
4191 5036
4191 2219
723 3328
2112 1911
5934 723
5934 2692
3328 2692
723 2692
4998 4326
507 4326
1987 4326
860 213
6282 4624
1373 6478
1783 4930
1783 4400
2281 5364
5364 1373
5364 6478
1866 2877
1134 4106
2829 4338
2829 5105
725 5589
4014 5364
6436 723
6436 4001
1519 723
1519 4001
2877 5275
5617 6326
507 5683
5683 4326
6326 2709
3084 4904
3084 1136
4904 1136
4904 5683
1136 5683
2432 4011
5785 3010
3010 6436
1400 2110
5892 6478
4014 1373
4191 3010
3010 4009
1519 2431
759 2431
2431 4796
1494 740
4763 6432
1740 689
1100 5647
1247 3108
728 3285
1041 2290
2443 2290
1125 5686
1245 626
3243 5686
834 1990
39 3654
39 183
3654 183
6489 6516
5932 1071
2647 3976
80 6113
1319 1885
1319 51
1319 5831
3948 1033
1033 6355
4348 2748
6142 1634
1673 4405
6230 4891
6230 428
4891 428
2935 1167
3246 1244
2865 5636
146 5636
444 5729
444 5762
769 3443
769 6512
3443 6512
4012 3730
5068 3730
4497 3212
6484 2269
4012 5068
544 6086
779 3363
5948 5420
5438 20
4856 2178
5187 1004
5187 600
5187 1385
5187 699
5187 2455
1004 600
1004 1385
1004 699
1004 2455
3102 1844
3925 1150
6489 1004
4748 2208
542 758
38 16
6609 447
3903 1501
428 6086
1990 4336
2805 5649
3636 5649
6435 4288
130 416
3180 151
5445 3962
5346 378
2494 1466
2051 1604
6558 1042
2490 2647
4518 1039
1441 70
1441 4799
1441 4031
1004 70
1004 4799
1004 4031
6230 6086
5636 831
831 329
4343 1164
6145 4748
3599 5831
4727 3662
1696 260
4020 6401
3471 3918
2765 1926
2765 665
5163 5903
5858 573
5858 5692
5858 1468
1441 2455
444 3281
2548 3127
5447 1501
2556 1245
1026 6352
6081 6537
5475 3279
4818 348
5959 6597
2698 1052
516 1052
3059 3680
3059 3394
3680 3394
1175 1782
6023 5588
2532 3964
1204 5401
842 1037
4567 6161
1103 2101
1524 6364
6574 2971
1688 2169
5988 4471
2630 4301
1689 40
5410 685
393 6364
1681 5157
4173 36
36 2018
6364 1130
5769 863
5769 3515
5769 64
111 2232
2750 2673
1214 810
3797 6021
4540 4243
2900 1014
1554 5074
5074 6026
82 6463
82 502
6463 502
6441 4470
2992 5308
4143 3750
3744 5326
5892 1373
5326 5271
5271 3486
4240 4400
4240 4930
4240 5572
4400 5572
4930 5572
4240 4181
3257 5651
882 3638
5469 3638
1373 3266
87 2299
5326 3091
4240 2227
4240 5487
4930 5487
5572 2227
5572 5487
6565 4718
1606 6478
6478 4930
6015 1783
6005 881
5439 4625
5439 1883
4035 6015
3630 6015
1222 3744
6445 1371
3041 911
5859 5388
5836 1819
2263 1754
3833 4865
5867 4865
1222 4400
3546 3732
5530 5822
4482 611
6094 2966
4448 4307
3872 2686
2599 1534
4962 5239
6451 3564
1977 4108
490 1655
1463 1945
2022 3844
5094 1975
1717 1476
3485 1090
117 3547
3461 3334
451 2770
3875 2806
5931 2806
6586 2806
4593 1659
2211 6229
4177 4435
3989 6255
677 2211
2553 2035
203 523
2868 4310
3461 2367
2152 2923
6486 5145
4712 579
5079 431
1090 416
2152 4420
4223 2391
4595 523
996 5835
6281 977
5694 1476
2621 6578
576 1817
1087 1328
3907 853
53 6517
3324 1988
2736 853
999 3073
1501 2530
1288 3913
4706 4310
1453 1981
1981 3054
546 853
124 2642
6223 643
623 2338
6277 2155
1808 2737
1808 2257
4966 2044
5745 3065
4550 5367
2789 4060
5499 5179
3297 2055
733 1926
3251 1288
3251 1871
1288 1871
2970 3375
2823 16
2009 593
3826 5142
5516 2397
5329 1797
1684 4741
74 145
6399 6195
1804 5345
1860 1988
5976 2758
2859 2424
1727 1951
5725 6399
1700 2970
3076 5943
5324 164
3119 717
172 3985
4500 4764
5668 3311
4485 1988
4654 1988
5623 4888
1038 2444
3453 3946
5676 2961
5676 5148
1403 3109
1384 3109
2426 826
4262 1765
2853 4375
4834 1765
301 2232
196 1379
1537 5649
1537 3290
3698 5649
1972 6602
1972 122
4775 5386
1225 2317
6596 3207
2074 2918
6460 3905
2488 4622
1301 6083
163 3276
1531 2127
4286 647
66 4896
4775 5874
2985 5125
1850 356
4663 3621
5230 6002
5230 2545
2932 1188
1188 4811
1782 4967
2298 4229
1823 3751
3751 3071
1794 4244
2777 4996
3452 3575
3452 4770
3575 4770
2905 1751
4806 4672
5951 2379
4827 5649
1357 2003
2685 3304
915 5387
1317 4125
331 3150
1489 4105
5353 4105
5333 530
3495 4105
4231 4105
1331 2165
987 6490
4690 5554
4690 1647
5554 1647
1510 247
6374 1004
4737 4937
952 5918
5107 5942
3147 6315
5196 2375
5413 6040
5792 90
5792 2188
4194 343
2805 3290
5898 2875
5951 4491
5951 959
4491 959
2379 6345
6596 505
1178 4785
2188 5833
2188 1967
6364 4466
3799 2379
1185 1853
4663 3947
1287 5360
5360 5312
6509 5484
1202 2503
4868 4403
5040 2678
6179 6180
2214 4996
4898 1306
3168 1007
5298 5916
3568 6470
316 6470
6470 1796
2042 1941
1669 5615
1669 4450
3229 505
3194 6050
3194 1020
1381 6050
1381 1020
1381 1852
3153 4959
4155 4257
2347 5062
3926 2277
3479 1423
1403 1600
3949 4745
3788 1120
2724 5113
5113 4877
5113 1656
6509 1815
1675 1289
2166 3923
364 5337
810 3016
3145 2070
5732 2023
4753 1760
6165 3117
3900 5649
121 3147
851 3131
4969 3131
6241 2792
1036 3831
1573 5999
5524 2253
3179 1378
3179 4071
1378 4071
4832 127
4832 5480
4832 2701
4832 1643
127 5480
127 2701
127 1643
5480 2701
5480 1643
461 4559
6467 4559
6218 5118
5277 5286
2334 460
2029 1993
5057 4057
5057 348
4057 348
1312 1065
5113 3689
5113 2103
367 2488
635 3442
1645 5498
1645 396
636 2520
3085 1138
1004 894
1004 4881
894 699
894 600
894 5187
894 70
894 4881
5187 70
5187 4881
70 4881
269 236
5045 3489
5045 6012
502 2985
502 2063
5623 4836
4262 4834
537 1995
3743 3056
4721 3175
3175 702
4194 1365
1675 1546
1546 1289
1546 1566
2042 284
284 1941
2024 5735
621 4671
6584 4559
4876 3167
3896 5123
2914 6125
4341 1345
5057 419
4255 943
2402 4169
1815 551
1815 5684
551 5684
2166 4872
2166 5370
3739 5773
1600 6610
5113 2757
2659 3725
1828 6522
1567 5484
1422 3916
5183 176
5285 2363
5062 866
3542 2204
2204 6141
2833 3671
2427 4597
4182 5942
1754 4460
4879 2282
6050 1624
1020 6241
1020 1624
1020 3057
1852 1624
2198 1624
1610 2986
1118 5033
6452 1001
683 5042
683 1001
3533 4231
3533 4105
262 4857
1815 1599
1815 1521
428 3976
3976 6086
2964 2280
2964 2512
5485 6065
5243 6141
5243 3763
5243 906
1815 993
1815 5408
1815 4558
1815 5394
551 5408
993 5684
5684 5408
1209 5360
5360 3672
2902 6563
232 1430
29 2288
3106 6141
4618 5984
5781 262
5781 2507
5290 4174
4174 609
2511 6062
361 2566
1815 2566
2566 4969
1815 4772
4969 4772
1815 3473
5823 1224
3982 4604
1815 1008
1815 1339
5408 1008
5684 1008
5684 4772
4772 3417
5486 5341
5311 964
5089 1424
2116 2795
2114 3937
3937 6540
597 4116
597 2268
1815 3488
361 5408
3156 679
3624 5316
1367 4969
4895 5406
4759 5240
4759 4585
3329 4585
5240 4585
6560 3156
6560 4969
1815 4051
1815 6112
4051 6112
3562 5202
4013 3425
4185 4105
2618 6266
99 4015
99 764
99 3465
4015 3465
764 3465
3465 5621
4105 5871
4105 3808
4146 5607
5607 3459
2825 3414
2825 3457
5937 406
5937 5089
5937 5311
406 5089
406 4981
5089 4981
6009 2772
1949 5016
3109 1935
3109 4969
3109 2343
3109 1362
1935 2343
1935 1362
6232 1589
5278 5117
3674 4963
293 5815
2929 4226
3719 5926
3719 2531
1337 1529
2254 2929
5403 5459
4769 3197
1840 274
3968 5471
1096 5831
903 6446
3496 5281
4089 4321
4790 4483
2008 980
2721 4506
201 1297
5578 2407
428 4610
4891 4610
1297 2879
3254 5758
598 2730
6489 1385
5187 1441
299 1731
5868 4189
982 101
2394 1395
2394 2748
4098 457
4098 2581
888 457
888 2581
83 3690
5808 3332
886 4672
1632 1810
2802 1853
5649 4519
285 5183
285 3155
285 5774
285 1564
5183 1564
3155 1564
5774 1564
1564 4303
5273 3950
6610 5276
58 3647
3147 2417
5957 1090
4785 2650
3154 4969
3290 4519
1698 794
2650 2036
2036 4785
1593 6589
6374 6372
2147 4721
2147 3175
2147 5984
1345 6411
1754 6076
5774 5126
3155 5126
5384 3082
5874 1028
5874 3627
2029 5786
2524 824
5384 4818
5384 4057
5384 348
4818 4057
2650 5017
5017 2036
5017 4785
4225 6440
3653 6376
4126 290
290 5800
6493 3954
5109 5243
5800 5657
6572 1194
6572 4398
6572 5436
6572 4210
1194 4398
1194 5436
5800 5504
4471 3555
5250 4691
5514 5683
4713 4376
1801 907
1868 313
2385 4779
186 3326
5727 2457
4235 5460
4123 2151
3982 5014
4651 2457
1083 5742
4476 2081
3137 2438
4989 362
5323 972
3450 3159
3450 2217
2083 768
4067 1366
4067 5840
1366 5840
1263 674
3077 6543
923 4312
3052 473
6385 6184
6385 6123
6385 6227
6184 6123
6123 6227
2230 3575
6373 2072
1650 835
1372 867
6385 2760
6123 2760
6385 846
846 6123
6275 3773
3450 3022
6048 2706
474 68
5176 3772
2782 2965
2782 4522
2965 4522
601 738
2671 5286
2671 5006
708 4590
6048 3435
6385 753
6385 548
6123 753
1004 4473
4473 699
2994 5010
6385 5885
6123 5885
6462 585
2526 585
2782 4105
1764 4534
5203 674
4770 6440
6258 585
585 1330
5057 4818
5544 1484
5544 5056
2431 6049
4825 5037
4825 909
5037 909
3629 3311
2737 15
6591 6100
6591 3170
1420 4179
4179 2077
6561 1618
4455 5293
4634 1645
1645 2131
123 6253
2825 4969
608 1603
1603 6252
5704 2196
5704 707
2196 707
1486 4969
1486 4990
3256 4144
6407 958
4047 4086
4047 6010
4047 2831
4086 6010
4086 2831
6010 2831
3190 5660
4969 559
4969 1558
952 1905
6610 3109
1600 1384
5377 5188
1190 5183
5962 1432
4972 4628
4972 1467
4972 2546
4628 1467
1467 2546
3168 4969
6203 4969
317 300
300 3970
3153 638
5852 6538
5819 5128
5128 3274
6191 5845
2136 269
460 6598
460 6366
1815 1212
787 5564
3573 3937
269 430
4844 5450
3142 2157
5882 4969
892 679
2038 5798
4969 4270
5377 3938
5533 501
5505 2260
5757 798
6610 5437
5380 3492
4588 6605
4588 3556
4588 2360
4588 3253
6605 3556
6605 2360
6605 3253
372 3349
5700 3223
2566 6350
2566 6380
2566 4788
2593 6488
701 1344
1872 1512
2687 5633
701 5819
701 5128
1012 2488
269 3186
4121 5012
305 6293
3834 2000
1462 6156
5655 6518
5655 478
2001 478
6433 478
1830 2596
1117 778
3514 5427
1870 4673
622 2001
3403 3632
2578 2741
2578 3604
2893 629
2893 4227
2893 3956
4227 3956
3307 2980
4294 4507
5020 3829
6041 4521
1137 1665
1137 1830
1137 879
1665 1830
1665 879
1830 879
4555 1974
1974 3230
4062 5827
2720 4678
5157 1352
2737 649
4335 4767
1117 2578
2314 3876
4422 5376
5376 879
4335 4575
1616 4575
6607 4575
4575 5214
4575 5027
4575 2182
2168 4239
5595 1974
3374 2778
2499 5592
2258 5671
2734 3701
2734 5671
5779 5754
3726 5832
499 5464
2821 5464
4045 1590
2784 2522
5020 3020
3829 3020
129 2785
129 3609
2785 3609
3609 2284
4524 4755
2184 3228
2184 2889
2184 656
3228 656
2889 656
2623 1504
2623 3116
2623 4934
3406 5422
3406 4862
5422 4862
1171 4630
5528 1670
2734 838
5523 2598
5517 3378
4502 335
519 5793
2001 3566
3566 5655
4264 2734
4542 1452
2596 1665
2596 4862
1665 4862
1660 3609
1660 3264
5476 2271
4858 4388
2734 1743
3762 3859
6096 1657
3762 879
2000 104
2000 1123
3609 2001
200 5658
5380 4369
3492 4369
2311 1538
3936 2591
1153 1468
4080 4391
6057 4391
3394 5893
4454 5964
43 4969
3697 4604
4762 3425
2688 4424
4424 2504
2688 2504
2504 3961
391 2814
4578 6319
6319 2953
359 5458
4852 6123
3421 1818
2278 2807
2688 6306
6385 3961
6207 2164
1882 1047
4219 3877
970 3421
1046 839
2272 6561
2305 4762
5858 2791
5233 539
240 3425
3656 3961
3250 770
2399 1869
157 3657
1268 1281
2733 157
5026 6054
136 4592
2607 4476
1774 3981
3776 3892
823 3961
6331 2376
3657 2635
3657 5888
3657 4128
3657 4951
157 2635
157 5888
157 4128
157 4951
2733 2635
2733 5888
2733 4951
2635 4128
2635 4951
5888 4128
5888 4951
4128 4951
4079 1034
5585 1193
157 4743
2635 4743
5888 4743
4951 4743
2713 4527
68 1122
2088 6278
6278 6362
6362 2088
2635 5682
4131 4992
2746 1769
2746 3270
1769 3270
2090 2192
1966 3720
5458 1315
5407 1530
4297 5256
1508 5423
2037 5115
5061 3405
2498 1466
1766 3530
4094 5367
5636 292
831 292
3711 1129
4619 3040
3329 4170
5281 3809
1488 3809
2097 4245
4452 6058
338 4215
1686 5597
1398 3208
5127 4215
6273 5949
2190 5444
2653 3765
4795 3838
5633 5128
5128 251
5128 6457
701 251
701 6457
5183 5731
5183 1638
1937 4361
5263 1080
798 2403
502 4165
1141 5183
5183 231
679 2312
4432 5183
5183 5689
5183 5557
6426 901
6426 3060
1549 1107
4926 5128
4926 701
6311 2372
1198 4969
2788 5183
5183 426
5190 1542
5190 5053
3870 6521
6427 217
2571 5763
189 6569
491 5239
2656 3427
6013 585
4339 1775
3391 1722
3391 3852
3391 2172
1722 3852
1722 2172
3852 2172
833 6202
4714 143
2503 2577
585 1569
2125 4694
3705 5003
5465 5752
6065 1098
3387 24
1004 1113
894 1441
5686 1881
5911 3662
2669 4737
6313 433
1416 1015
4881 1441
1441 600
894 1113
1004 2486
1211 363
5128 4535
6245 2239
6245 5829
2239 5829
475 909
909 3437
3300 3850
3603 3428
4645 945
1754 1893
2493 5335
3089 5624
2933 6469
5360 4373
3331 4729
3449 5062
3296 5062
3192 144
5561 5222
1784 6288
1784 4461
4481 6288
4481 4461
6288 5699
1784 5699
5699 4461
4501 4904
4904 1761
4904 606
4904 3856
1761 606
1761 3856
606 3856
2902 1693
6467 4439
6467 1787
754 6160
819 5573
819 1662
819 357
5573 5232
1662 357
1662 5232
357 5232
881 3397
1136 1496
4904 1496
3084 1496
3828 1256
3828 5573
3828 2956
3828 5232
3828 819
1256 5573
711 5573
711 3828
1299 3080
5456 3773
5291 569
569 725
569 5589
2396 2926
2926 662
2409 4928
6159 3528
5227 670
5698 6487
1136 606
982 1195
982 4892
101 1195
101 4892
1195 4892
2040 3662
5989 666
1441 1220
1220 1004
4261 1707
926 4904
2878 4904
2878 3856
3856 5683
4752 3773
1312 566
232 4373
2376 3997
6331 3997
1597 684
723 3165
3165 2692
2626 2462
2626 1572
2462 1572
2626 1902
2626 2368
1902 2368
2462 2368
2776 1896
2626 2356
2462 2356
1574 1516
5611 2149
501 4132
687 6426
5780 1325
3274 701
3359 2495
4241 4005
3988 4005
4839 6285
3759 5345
2163 1091
653 5719
5502 149
6088 4302
6088 3287
6088 706
6088 4355
2692 4904
723 4904
5275 5501
5501 1866
1536 4900
1536 535
4900 535
2692 5683
3328 5683
208 2898
3660 5986
3660 5683
1124 5683
4641 3922
706 2309
706 2763
6088 2309
6088 2763
2309 2763
535 1861
4352 485
606 3660
1350 723
6343 5645
606 5683
2949 5106
2949 2981
2117 5032
6017 1887
5683 248
1685 2409
3331 1909
1978 667
4951 5682
5888 5682
3856 2431
3265 2135
1839 3662
35 4553
5645 1136
5032 5372
5372 2117
4470 6454
3010 4220
4746 601
2979 2501
5927 4597
4597 5116
5173 4069
3879 4886
458 6102
3107 6102
3827 6102
429 2106
4237 2654
6102 42
2409 4649
5402 272
5136 272
2775 93
5302 637
5987 4470
4470 2842
2409 5608
2409 4708
6102 4505
6102 1442
2415 6322
68 1671
3061 1374
1290 575
1792 3525
1792 4154
1792 2194
1792 1490
3525 4154
3525 2194
3525 1490
4154 2194
4154 1490
2194 1490
3770 2119
3770 2639
215 2119
2119 2639
5673 2119
5673 4392
2119 4392
215 4392
4829 564
3520 2341
5128 3090
3090 701
3340 5650
4631 5966
3887 5723
1701 3785
694 1236
1168 3164
5192 4722
5853 197
4850 4246
473 2080
473 1709
2080 1709
3431 5679
2013 3322
18 3949
18 4745
6304 1527
3984 5849
3929 4253
3929 1913
3929 2122
3929 5814
3929 5849
3929 1527
4253 1913
4253 5814
4253 5849
2717 1527
3576 2122
3576 5814
2122 1527
5814 5849
5814 1527
5849 1527
6019 4328
840 453
883 2913
883 2295
4109 5681
6115 1690
3388 6011
6011 5849
135 3019
135 4999
3019 4999
6118 6483
6104 4379
3581 4379
2786 5098
5114 4114
5586 5392
4661 4480
397 2122
1527 1816
6337 135
6382 875
784 732
1527 3095
1527 6098
3095 6098
1718 3209
3305 4114
4114 4950
5048 5100
4950 741
4950 4480
5220 5229
1527 4041
1527 935
4253 1816
4041 935
1342 3772
2132 3772
1122 3772
1709 3348
3298 1527
1950 755
4034 5591
202 4695
3242 2911
4167 742
1934 5759
6495 4638
4656 4114
4209 1984
4209 5164
4209 4329
5164 4329
4324 5849
4114 2471
1500 2613
1074 3929
5776 3348
5776 156
3348 156
3527 473
4498 4234
3210 4242
4242 1146
1726 6193
6582 3144
77 3144
4975 1359
4975 3095
4613 4950
5492 4345
1527 3454
4416 3929
4039 4975
6249 644
710 3748
3263 5855
3263 3693
5855 3693
3053 4487
5309 1729
3308 2881
2857 246
2739 582
4104 3898
4104 4429
3898 4429
1304 5876
4979 1533
829 1652
5580 2767
2767 2295
3282 2261
2828 5215
963 641
4368 173
2002 3986
5793 5599
5315 3336
5519 5172
604 5272
4040 1969
3909 4058
5466 4140
3336 4337
3336 30
2582 6577
5050 5956
3845 5956
2537 2162
2537 3604
2162 3604
1672 100
1321 1771
757 3905
250 4955
5644 4887
5644 726
5644 1665
5644 6433
5644 2476
5644 2370
5644 879
5644 1830
4887 726
4887 3945
4887 1002
4887 1665
4887 6433
4887 2476
4887 879
4887 1137
4887 1830
4887 1177
726 1665
1002 1665
1002 6433
1002 2476
1002 2370
1002 879
1002 1137
1002 1830
1002 2126
1002 1177
1665 6433
1665 2476
1665 2370
1665 1177
6433 2476
6433 2370
6433 879
6433 1137
6433 1830
6433 2126
6433 4710
6433 1177
2476 2370
2476 879
2476 1137
2476 1830
2476 1177
2370 1137
2370 1830
2370 2126
2370 4710
879 2126
879 4710
1830 2126
1830 1177
4710 1177
5951 1105
1727 5976
2551 6329
2551 162
1182 6503
6329 6503
3338 6503
3823 2974
5015 2695
6171 2069
4511 4147
4669 6531
6329 5365
1588 5168
4162 5338
3859 1830
3859 526
3859 879
1665 4289
1665 3762
1665 1716
1665 526
4887 4289
4887 3762
4887 1716
1002 3762
1002 1716
1830 4289
1830 3762
1830 1716
1830 526
4289 879
4289 6433
3762 2476
3762 1716
3762 526
3762 2370
3762 6433
1716 879
1716 2370
1716 6433
526 879
526 2370
2578 5610
2741 5610
5610 3604
6298 3774
1117 482
1117 5674
482 778
482 5674
778 5674
622 3566
3566 6039
4719 3609
3609 4175
1261 1616
3738 3729
1119 425
425 6431
4228 6431
719 4929
719 6063
6357 5807
2737 3201
2582 114
5788 4789
2850 2199
2199 1311
478 5529
5417 6256
761 5314
5314 2594
4524 879
4862 879
4862 2370
4862 4887
4862 6433
5529 1832
1832 6039
1832 622
1832 5655
1832 2001
6045 86
5720 3609
175 3609
1831 1651
4190 5749
5749 2529
98 5307
5087 5307
1628 3655
1051 2510
1723 2510
673 2510
506 4438
506 2251
506 5914
506 2510
4438 2251
4438 5914
4438 2510
4438 5598
2251 5914
2251 2510
2251 5598
5914 2510
5914 5598
2510 5598
3302 4346
5920 2909
1481 3975
3327 478
5665 309
309 3476
5191 4129
893 742
742 111
742 2232
3458 3609
5678 1660
3609 5020
3609 3829
5020 5788
5020 478
5020 4789
3829 5788
3829 478
3829 4789
5788 478
478 4789
2129 3591
1351 1101
2850 4719
2850 549
2850 309
2199 4719
2199 3476
2199 5050
2199 383
2199 309
4719 549
4719 5050
4719 309
549 1311
549 309
3476 383
3476 1311
5050 309
383 309
1311 309
2361 332
2361 349
94 5064
785 5855
785 2481
5855 4853
5855 4552
5855 2481
4906 4552
4345 2481
4345 4372
4853 2481
5747 429
4423 2780
1665 3862
1665 5720
1665 5422
5720 2370
5720 6433
3228 2440
4278 6316
4278 5470
5470 5279
5470 6332
5470 6309
5279 4148
4408 3403
4408 1418
3403 1418
5112 6174
2955 4418
562 4148
4148 3371
4148 5788
5279 1492
1479 2661
950 2661
3508 525
3508 3371
3508 2430
525 3371
525 5788
525 2430
3371 5788
3371 2430
2430 1433
4457 803
3893 6585
2536 796
5655 5788
2001 5788
3566 478
1741 991
3020 2001
3020 478
3020 5788
3020 4789
3020 5655
3829 2001
3829 5655
2001 4789
2001 3327
478 6039
5788 6039
5788 3327
4789 5655
4789 6039
5655 3327
6039 3327
3643 5935
1665 4667
1830 4667
1716 4667
1137 4667
1002 4667
6433 4667
4887 4667
4667 879
4667 2370
5070 5788
2318 3020
3845 3371
5050 3371
5031 5805
88 5805
5161 6385
6428 5185
6428 2361
6428 349
5185 2361
5185 349
139 2361
332 1010
6333 2533
1199 76
664 5788
5788 2205
4408 3632
3632 2478
3632 1418
3403 2478
2449 3607
4719 1199
5965 113
4498 5814
1776 6339
5070 114
1614 1830
1614 6433
1614 879
1614 1665
2596 879
2714 3023
4594 6018
622 3327
3566 3327
135 4581
2573 1126
5087 1070
1616 1062
2199 983
983 549
983 309
4984 3242
1067 6497
5672 1985
5920 4696
1660 76
267 2182
5602 59
335 1580
335 59
4609 59
1580 59
4459 5749
729 6325
494 1812
633 221
633 2551
2551 1428
4822 3322
6526 3374
1145 389
3242 2159
3242 1580
1535 2719
3917 1776
5994 1076
1668 315
2471 4950
2318 3829
2318 478
2318 5788
2318 4789
5747 2351
429 2351
6416 639
3356 5307
3356 5087
3356 98
3356 2476
3356 4887
3356 2370
3356 879
3356 6433
3356 1002
3356 3762
3356 1830
3356 1665
5307 2476
5307 4887
5307 1177
5307 879
5307 6433
5307 3762
5307 1665
5087 3762
98 3762
2476 4667
2370 1614
1716 1614
1002 1614
4667 2126
4667 3762
4667 1614
2126 3762
2126 1614
3762 1614
3762 1137
5494 1956
3609 729
5267 5654
159 5056
5056 5654
5654 2554
3371 6291
913 3115
5193 3720
5078 3720
3720 128
59 2605
1580 2605
335 2605
4502 2605
4502 5463
808 5463
2605 4609
2605 5463
4609 5209
4609 4205
4609 3641
4609 23
4609 5463
5209 4205
5209 3641
5209 23
5209 5463
4205 3641
4205 23
4205 5463
3641 23
3641 5463
23 5463
1660 5718
76 5678
1714 2615
4887 3198
4887 5720
6433 3198
2476 3198
2476 5720
1665 3198
2370 3198
879 3198
1830 3198
1830 5720
526 3663
100 1635
139 4716
1798 5512
5404 1525
1525 5189
5749 5700
3609 3864
4887 1154
1665 1154
1154 6433
1154 2370
1154 879
1154 1830
6097 2001
6097 1832
6097 5655
3626 6246
4311 4278
4085 4874
5672 414
6344 5043
668 5365
5365 3823
4710 5720
1391 6433
2259 2265
1713 4995
4817 4950
3020 3609
5863 1010
5863 6103
1010 6103
1010 3917
6103 3917
435 5266
5229 3144
3643 5612
3643 1089
5935 5612
5935 1089
5612 1089
3554 5024
4386 61
6171 441
2069 3172
2069 441
3172 1947
3172 4150
3172 3367
3172 441
3172 3607
1947 441
4150 441
4556 441
3841 5648
3841 441
3841 5024
5648 441
5648 5024
3367 441
441 3607
441 5024
4850 6429
5070 4493
4214 56
737 2980
2759 4239
3720 1205
4549 6529
1630 3984
193 336
2576 691
2576 1900
1389 691
3273 6042
691 1900
3547 4761
5630 1789
1789 5229
1789 1718
1789 3144
1789 77
1789 5220
1789 3209
1789 5796
1789 2176
5229 77
5229 3209
3144 5220
3144 3209
77 5220
77 3209
5220 3209
793 1162
793 3517
1162 3517
5453 3517
5515 4200
2420 3339
5050 5788
5050 4148
3845 5788
3845 4148
2756 4148
5956 4148
387 4340
358 59
3906 4340
4340 2959
229 878
878 336
2844 193
5168 4292
4431 6378
6091 6109
3983 1454
6385 5139
2767 2703
3762 5656
6097 6039
2586 1217
1762 2620
6097 5529
6097 622
5529 4054
6039 4054
4054 622
1070 2931
1070 1757
5550 1584
2846 3795
2846 4561
3795 4561
1174 5826
4768 6153
3762 1070
3762 5365
4488 5184
992 3811
4575 6022
4575 2813
885 802
1957 5654
1957 1088
5654 1088
114 4536
4905 394
4760 472
1837 5920
2974 3762
4549 4670
3228 4316
3228 5761
660 1637
5214 515
1640 4835
1640 4793
1640 4441
4835 4441
4547 3639
4547 3424
4547 4421
4547 2369
4547 1943
4547 4911
4547 6553
4547 4986
3639 3424
3639 1916
3639 4421
3639 2369
3639 4911
3639 4986
2049 4911
2049 4986
3424 4421
3424 2369
3424 4911
3424 4986
1916 4911
4421 2369
4421 4911
4421 4986
2369 4911
4911 4986
2348 5905
1010 1776
6103 1776
6339 3917
3644 2321
1899 4479
3023 6444
1010 5555
6144 1543
1739 1059
1739 3163
1916 6162
4950 6020
4950 1
6020 4817
6020 4158
6020 1
4817 4158
4817 1
4448 2257
2292 472
2292 1062
472 1062
2610 804
1010 4677
1010 3430
4677 3430
4316 6555
4316 6103
2559 572
3205 572
6132 3901
5713 2991
161 3451
2851 1879
1879 6415
6357 6552
650 2271
650 5761
2271 4316
2271 5761
4316 2361
4316 3023
4316 6444
5761 3023
5761 6444
3291 3620
2201 346
622 478
4217 6187
2717 4933
2717 2726
4933 2959
4933 2726
135 1730
4932 2612
2586 6103
2586 3917
6267 5909
5737 280
4862 3762
3762 2596
6385 1968
5160 2674
5712 2050
3447 4491
3447 959
3447 5951
3447 3176
4491 3176
959 1105
959 3176
5951 3176
2991 1291
395 3835
2005 2990
173 1454
2091 3684
6259 2234
6259 6137
6259 2589
2234 6137
2234 4431
2234 2589
503 3541
503 6137
6137 2589
2589 4680
3242 4838
3822 6442
1264 4211
2247 1460
555 2717
555 1527
555 4933
295 4933
1460 4933
2901 4933
2717 935
1527 4933
935 4933
443 3951
1237 3209
5470 5941
2560 5910
5910 3233
4830 5583
286 4993
4292 2551
1923 2551
2551 2043
3134 6471
5713 1291
2991 1755
1755 1291
1639 935
6309 2661
633 2043
221 2043
221 1923
1958 5724
1062 1262
6453 2912
6513 4784
6513 6238
6513 747
4784 3069
4784 6238
4784 747
4784 2321
4784 932
6238 747
747 932
538 878
2543 3181
997 3342
3626 1691
3033 2102
5056 3120
3639 6137
3639 4632
4911 6137
5367 691
4912 4387
4912 657
4912 5246
153 3626
153 657
5252 657
3626 657
3340 657
657 5246
150 520
150 286
520 319
520 286
1846 319
3424 2064
3424 6007
319 1894
5782 5361
4084 345
3447 1157
1157 3176
2538 1022
1471 184
4028 4205
4028 5540
4205 5540
536 1527
2359 1114
5761 694
5761 991
5761 5650
5761 332
5761 3340
694 4316
5650 4316
332 3340
332 4316
3340 4316
4204 1260
1260 3591
1260 4472
3591 4472
2588 4632
4993 2959
4993 4016
5970 78
78 193
3648 4532
3648 59
6257 59
1648 1721
2560 3720
3720 5910
5228 2435
1749 6385
5659 3919
47 3919
3919 5696
1741 1383
1383 991
4862 1830
2207 3358
3358 3984
1976 412
1976 1355
1976 1298
1976 3255
1976 3953
1976 32
412 6353
412 67
412 935
412 1355
412 1298
412 3953
412 3929
6353 2115
6353 1355
6353 3953
2115 1355
1166 1298
31 2959
763 3042
4525 3953
935 3953
935 3042
935 3929
935 4370
1355 1298
1355 3255
1355 3953
1355 32
1355 4370
1298 3953
1298 3929
3953 3929
3042 3929
5336 3720
1338 6051
4322 1670
4933 1748
4933 1690
3800 6524
622 5788
622 4789
1088 1908
1000 2156
3151 2057
4499 2057
4386 390
390 913
390 3115
3613 3973
6324 4316
6544 5022
6544 5614
6138 1527
1181 935
935 1690
4935 2999
4340 2528
1846 2028
2028 319
2489 4204
2489 3431
4204 3431
3795 86
1104 5619
3693 3843
2528 1894
6492 731
6448 56
5653 869
380 1940
5473 6353
5473 5814
4864 3821
4864 5814
3821 5814
6353 5814
4869 4150
2818 991
1756 5531
1756 3590
5531 3590
5531 4853
5531 2093
3590 4853
3590 2093
4853 2093
3243 1881
927 2928
1070 1770
5855 156
5855 4204
156 4853
156 4204
156 2481
4853 4204
4204 2481
1691 6246
3761 3537
4054 6524
4054 3800
1073 4685
1743 2772
2772 4159
1561 3389
332 2919
332 153
2919 4316
153 3247
3247 5761
3014 1667
2704 746
2389 3594
3447 4363
1157 4363
503 3639
503 4911
3639 3293
3639 1260
4911 4680
4911 3293
4911 1260
1973 6137
3424 3293
6137 1260
6137 4472
613 1260
6353 961
6562 5265
796 4703
796 2611
4703 6510
2536 6510
289 5546
1084 126
1762 4238
4006 2248
6162 1778
4204 5776
6109 1302
2436 5922
2436 4386
5922 4386
500 4950
500 4817
4613 4158
4613 4817
648 3223
5591 2287
5510 5167
3209 6568
5768 5535
5768 3919
5535 3919
5535 1617
5535 5659
5535 4515
3919 1617
3919 4515
47 1617
6507 2528
2528 978
3013 1639
2234 4911
2589 4911
2589 3639
1169 4378
1260 2028
3639 2028
6137 2028
2028 2589
2028 4911
5534 271
1251 271
4172 3312
1309 4918
2959 5856
2959 4918
2959 6071
4918 6071
2021 2225
2021 1953
2395 3124
2425 4498
3242 4317
3921 492
4911 4081
3886 1640
5976 3574
3965 4388
1789 6280
3209 6280
6280 5220
5880 1061
2936 11
6238 3644
6238 1241
1231 3644
2362 6430
650 1010
1010 2271
1010 967
1010 4316
1010 5761
2589 2483
1128 2028
2234 2028
2234 2483
6259 2028
2028 2483
2028 4421
2483 4911
6238 1110
2353 4784
2353 1110
4784 1110
4784 5549
4491 1157
959 1157
1157 5951
4561 264
4561 5249
4561 1957
4561 1171
4561 1908
4561 4678
4561 5267
1174 5249
1174 1957
1174 2846
1174 1171
1174 1908
1174 5968
1174 4678
1174 1803
1174 5267
1174 3795
817 4678
5249 1957
5249 2128
5249 3477
5249 3184
5249 2846
5249 862
5249 1171
5249 1908
5249 5968
5249 4678
5249 1803
5249 5267
5249 5826
5249 3795
4630 4678
4630 5267
1957 3184
1957 2846
1957 1171
1957 1908
1957 5968
1957 4678
1957 1803
1957 5267
1957 5826
1957 3795
2128 2846
2128 1171
2128 1908
2128 4678
2128 1803
2128 5267
2128 3795
3477 5968
3477 4678
3477 1803
3477 5267
3477 5826
3184 2846
3184 1171
3184 1908
3184 5968
3184 4678
3184 1803
3184 5267
3184 5826
3184 3795
2846 862
2846 1171
2846 1908
2846 5968
2846 4678
2846 1803
2846 5267
2846 5826
862 1908
862 3795
1171 1908
1171 5968
1171 4678
1171 1803
1171 5267
1171 5826
1171 3795
1908 5968
1908 4678
1908 1803
1908 5267
1908 5826
1908 3795
5968 4678
5968 1803
5968 5267
5968 5826
5968 3795
4678 1803
4678 5267
4678 5826
4678 3795
1803 5267
1803 5826
1803 3795
5267 5826
5267 3795
5826 3795
5314 3795
3639 978
3639 2064
4986 2064
3424 978
3424 2589
978 4952
978 2064
978 2483
978 4911
978 4006
4952 4006
2064 4421
2064 2369
2064 4911
1016 5056
2470 1408
4172 3613
5246 286
2506 1053
3819 1642
473 782
4580 449
1182 3045
3762 6503
6503 3045
801 3548
4726 5976
91 4855
375 4083
5257 2506
6136 5759
2506 5759
1642 2539
156 473
473 2481
156 782
4230 4028
4230 4205
2121 4205
640 4209
640 341
640 5164
640 4329
640 5543
640 3286
4209 2332
341 5543
341 3286
5543 3286
339 1062
5749 3223
184 4732
627 2050
5558 2163
3588 3416
1642 330
1010 2323
1010 4444
1058 281
991 3563
436 817
4561 86
4845 4600
2605 681
2605 4600
2682 4147
5887 5744
3835 6089
5552 3812
5872 1032
5872 584
454 584
5234 311
4218 4632
5513 4475
4421 3293
4885 3293
3860 1219
2122 935
935 5814
1528 5849
4404 3960
4404 587
3960 587
3456 2959
3456 4933
229 1858
229 4933
878 1858
878 4933
1858 4933
4918 4933
578 6524
877 4206
6593 1171
6032 2210
3551 4685
3878 2064
3878 4911
3878 3293
2064 4885
2064 3293
4911 4885
4911 4312
3493 2031
2937 1724
6503 1724
78 3358
78 1630
78 3984
78 2207
4689 6185
3358 1630
6185 5849
2028 6378
1447 4747
2846 3491
2096 459
762 184
2256 2774
2564 5414
395 1525
4936 1867
4936 4449
4936 5197
4936 1525
467 515
467 4230
5534 1525
1867 5197
4449 5197
4449 2652
4449 1525
4449 1251
3835 6365
3835 5492
3835 1525
3835 1251
2086 5197
6365 5492
6365 1525
5197 2652
5197 5492
5197 1525
5197 1251
2652 1525
5492 1525
5492 1251
1525 1251
5659 390
19 5120
6070 2916
4081 2028
3711 924
3711 4085
4324 1527
3407 515
3407 5985
1501 5350
2629 2726
19 6114
3388 792
792 6011
3708 3768
4018 935
5906 2535
5906 279
3639 4885
3639 6162
3424 2028
5669 5855
5669 848
5669 2481
5669 2489
5855 848
5855 2489
848 2481
848 2489
2481 2489
2346 6280
1881 5538
1915 5862
1915 453
5862 453
4921 3467
4386 1053
5922 1053
3626 2361
528 73
528 4950
73 4950
73 741
73 4158
5997 1922
4383 4983
3184 5584
2846 5584
4274 6417
1359 1690
3298 1690
2505 1169
41 5367
2696 4847
2696 5740
2696 515
5358 3835
5358 5740
5358 515
5358 4319
5358 1525
3835 4319
4847 5740
4847 515
5740 515
4319 1525
4319 1251
3407 3590
5367 1074
800 3337
2105 2354
2037 4585
5356 2839
2767 514
3598 5479
1715 1598
4395 3577
3577 5479
6109 2708
6091 1302
6439 4599
4777 2767
2835 3622
5044 5821
4475 1353
1000 5596
880 4585
4791 6189
2038 5579
3863 813
4950 223
3943 4093
4099 5151
5319 869
1295 1644
878 3298
3268 3104
2292 4575
2292 6022
2292 2267
4575 2267
878 1219
2226 508
2337 1592
5320 3512
5861 3512
3512 4636
5492 4029
5319 4103
4103 869
1495 1300
1974 3646
5595 4555
5595 3646
4555 3646
3646 92
821 878
229 821
5189 5043
5669 4204
5669 4205
5669 5776
302 4204
302 156
302 5855
302 5776
156 4205
156 5679
4205 5776
5679 5776
5855 5776
1053 5759
2506 5850
6359 4386
3973 5759
3217 6599
1240 2452
1268 4133
3245 4249
5339 4386
5534 320
5534 5043
1251 320
1251 5043
1251 6344
5492 320
5492 5043
5492 6344
320 6365
320 5043
320 6344
6365 5043
6365 6344
997 5433
2436 6359
2292 515
472 4575
628 515
515 1062
515 4575
1062 4575
698 4682
2222 1282
1938 4207
4207 230
3639 3908
978 2028
3008 3908
3008 1895
3908 2028
3908 2589
3908 4911
3908 1895
1171 5654
1016 5654
1776 4315
1776 4316
908 4316
4276 3023
4276 4316
4315 4316
2947 4319
4993 6162
3639 2959
3639 3878
6162 2959
6162 4866
2959 4866
2573 2352
453 4866
995 6515
995 3030
4589 390
4659 6020
4659 73
4659 4950
6020 73
4386 997
2140 6124
801 6193
6450 6187
3209 5088
3919 390
2502 3746
2502 2972
2502 1032
2502 111
3746 2972
5907 2972
584 2972
2972 1032
2972 111
4912 3275
3275 153
3275 657
5544 2256
5544 2774
2256 3120
5544 736
5544 3120
2774 736
2774 3120
736 3120
6449 4874
2087 2967
2967 1709
2967 5776
1709 5776
1709 5669
1709 2250
5776 2250
5776 6044
5669 2250
1890 2959
1890 3424
1890 3639
2534 2959
3639 5354
3223 4190
434 4379
3344 1336
3344 6358
3344 4864
3344 1894
4864 1894
2328 3933
2328 390
3933 390
1465 1602
1465 4532
1465 1682
1465 2693
1465 432
1465 4563
1465 4933
1465 3648
1602 4532
1602 1682
1602 2693
1602 432
1602 6404
1602 5428
1602 5415
1602 4563
1602 3648
4532 1682
4532 2693
4532 3888
4532 432
4532 4563
4532 2717
4532 4933
1682 3821
1682 2693
1682 1894
1682 2514
1682 432
1682 6247
1682 5415
1682 4563
1682 4933
1682 3648
3821 2693
3821 432
3821 4563
3821 1527
3821 4933
5473 4933
2693 1369
2693 1894
2693 2514
2693 3888
2693 432
2693 6247
2693 5814
2693 4563
2693 1527
2693 4933
2693 3648
1369 1894
1369 432
1369 6247
1369 4563
1369 4933
840 432
840 4563
840 4933
1894 3888
1894 432
1894 6247
1894 5814
1894 4563
1894 4933
1894 3648
841 1527
841 2717
841 4933
2743 4933
2514 432
2514 4563
2514 4933
2890 432
2890 5428
2890 4563
3888 4563
3888 1527
3888 2717
3888 4933
3888 3648
4018 1527
4018 4933
432 6247
432 6404
432 5428
432 5415
432 4563
432 4933
432 3648
6247 4563
6247 4933
385 4933
6404 5428
6404 4563
6404 1527
6404 4933
6404 3648
5428 4563
5428 4933
5428 3648
5415 4563
5415 4933
5814 4563
5814 4933
4563 1527
4563 4933
4563 3648
1527 3648
2717 3648
4933 3648
2704 2287
2128 4484
5654 5249
5654 2846
5654 1908
5654 5968
5654 4678
5654 4484
5654 1803
5654 3795
1174 4484
1681 2561
1681 6593
1681 1171
1681 5968
1681 4678
1681 1803
1681 5267
5249 5584
5249 4484
2561 6593
2561 1171
2561 5968
2561 4678
2561 5267
1957 5584
1957 4484
6593 5968
6593 4678
6593 4484
6593 1803
6593 5267
6593 5826
3184 4484
2846 4484
5584 1171
5584 1908
5584 5968
5584 4678
5584 4484
5584 1803
5584 5267
5584 5826
5584 3795
1171 4484
1171 4004
1908 4484
5968 4484
4678 4484
4678 4004
4484 1803
4484 4004
4484 5267
4484 5826
4484 3795
4004 5267
4004 5826
4728 878
1140 997
3607 997
3367 4304
4150 997
3172 997
4304 997
4304 441
997 441
6377 222
6377 3569
222 3569
1617 390
1940 3898
1940 4429
1940 3499
1940 6193
1940 3548
6585 6193
3893 6193
3898 801
3898 6193
3898 3548
4429 801
4429 380
4429 3499
4429 6193
4429 3548
801 3499
380 6193
4104 3548
3640 6193
3640 3548
3499 6193
3499 3548
6193 3548
3677 2535
1802 441
441 2862
441 4956
441 5842
119 5968
119 4678
119 3781
1957 3781
6590 5968
6590 4678
2846 3781
5968 3781
4678 3781
1803 3781
3781 3795
2841 1169
2404 3418
5171 5457
4426 1208
5249 3979
6247 5772
6247 1066
6247 1748
2693 5194
2693 5772
2693 1066
2693 1748
5194 1682
5194 4563
5194 5155
5194 432
5194 1894
5194 4933
5194 3648
1369 5772
6304 2717
6304 4933
4563 5772
4563 1066
4563 5155
4563 1748
5772 1894
5772 1748
5772 4933
1066 432
1066 1894
1066 1748
1066 4933
5980 4933
5095 2717
5095 1527
4412 4933
5155 432
5155 4933
441 48
1726 1940
1726 3548
955 3341
1223 2667
8 2667
6152 5424
6152 2667
6152 3865
6152 73
4659 2667
4659 3865
4659 1143
4659 6087
2667 6170
2667 3865
2667 73
2667 1143
2667 6087
2667 263
2667 4378
2667 1279
6170 3865
6170 73
3865 73
3865 1143
3865 1279
73 1143
73 6087
1143 6087
3910 645
645 2497
3416 1145
4560 3668
332 4309
153 4309
547 3341
547 2190
547 5444
3341 3295
3341 2190
3047 2841
3047 4378
3047 1169
2841 4378
935 1369
5378 997
3795 3491
4561 3491
2843 4551
2908 3865
5161 1106
4815 4940
413 4940
4787 319
2704 319
2704 1846
2287 319
995 3580
991 6209
4345 3835
6250 3592
3592 4059
5591 2704
5591 319
2959 150
2959 286
2959 319
5219 1846
5219 319
4429 2224
2224 6193
1917 6193
2908 2667
2908 1279
2908 4943
2908 6020
2908 4659
2908 2786
2908 5771
2908 2145
2908 4950
2908 2366
2908 528
2667 4943
2667 6020
2667 2786
2667 5771
2667 2145
2667 4950
2667 2366
2667 528
2667 6557
2667 5594
2667 2838
2667 4576
4378 6020
4378 5771
4378 2145
4378 4950
6152 6020
6152 5771
6152 2145
6152 4950
6152 4576
1279 6020
1279 2786
1279 5771
1279 4950
4943 6020
4943 2786
4943 5771
4943 2145
4943 4950
4943 3865
4943 2366
6020 1223
6020 2786
6020 5771
6020 2145
6020 6170
6020 3865
6020 2366
6020 528
6020 5594
4659 2786
4659 5771
4659 2145
1223 5771
2786 5771
2786 2145
2786 4950
2786 6170
2786 3865
2786 2366
2786 528
5771 2145
5771 4950
5771 6170
5771 3865
5771 2366
5771 528
5771 5594
5771 263
5771 2838
2145 4950
2145 3865
4950 3865
4950 4576
3865 2366
3865 528
5594 263
6089 5492
3438 6204
2420 271
2420 2061
2420 5043
2420 4345
2420 3835
2420 4319
2420 1525
3339 271
3339 2061
3339 5043
3339 4345
3339 3835
3339 5492
3339 4319
3339 1525
271 2061
271 5043
271 4345
271 3835
271 5492
271 4319
271 1525
2061 5043
2061 4345
2061 3835
2061 5492
2061 4319
2061 1525
5043 4345
5043 3835
5043 4319
5043 1525
4345 4319
4345 1525
5492 4319
5825 1215
1106 1461
5331 2959
1667 6213
1667 1982
1667 4158
1667 1934
1667 4950
1667 6024
6213 3014
6213 1982
6213 4158
6213 1934
6213 4950
3014 1934
4158 2329
3340 1010
1358 1010
4701 1010
2889 1010
3352 4766
6170 790
6170 5446
6152 4158
6152 5446
4659 790
4659 3995
4659 5446
5594 790
6020 790
6020 1143
6020 3995
6020 6087
6020 5446
2786 790
2786 73
2786 1143
2786 3995
2786 6087
2786 5446
2908 73
2908 1143
2908 3995
2908 6087
2908 5446
5771 342
5771 790
5771 4158
5771 73
5771 5546
5771 1143
5771 3995
5771 6087
5771 5446
342 2667
342 5446
5424 4158
5424 4950
2667 790
2667 4158
2667 5546
2667 3995
2667 5446
3865 790
3865 4158
3865 3995
3865 5446
790 2366
790 528
790 73
790 1143
790 3995
790 6087
790 263
790 5446
790 4950
2366 73
2366 3995
2366 6087
2366 5446
1294 5446
4158 5446
528 3995
528 5446
73 3995
73 5446
5546 5446
1143 3995
1143 5446
3995 6087
3995 5446
3995 4950
6087 5446
5446 4378
5446 4950
5446 1279
3757 4299
441 5979
4978 730
1049 991
6244 19
848 5985
4039 3289
3289 4975
4576 4158
3343 2235
1776 5001
1776 3430
5001 3430
5001 4444
3522 3908
3908 140
6262 4993
6262 325
441 2663
2704 4787
4993 4787
4787 2959
1269 4006
4678 4542
4678 1452
1803 4949
5855 3590
156 3590
3590 2481
2704 4993
150 5153
325 5153
5153 6262
5153 4993
4993 5591
6007 4911
3354 6608
997 3919
6398 878
4436 5355
5034 3791
3972 2705
2734 2772
6178 5553
4994 2937
3507 3550
3222 5790
3239 1040
3239 6251
1040 6251
3239 843
3786 1070
3664 2275
2931 3513
2931 4994
3513 1070
4994 1070
1724 1070
748 1503
1640 1070
4511 4175
4681 3222
2142 3222
3583 3222
1739 3423
5351 1070
3513 1640
3513 2799
1640 4994
1640 2799
4994 2799
4994 1724
1070 2799
3786 2799
1757 2799
1040 843
1040 4533
1040 4637
3239 4533
843 6251
843 4533
843 4637
4533 4637
467 782
3045 1724
1182 1724
2937 2931
2937 2799
2931 2799
4287 5001
5001 1236
1640 2931
1640 3379
1640 2485
1640 3686
1640 2937
1640 211
1640 5351
2931 2485
2931 5351
2485 5351
2871 19
4665 19
3400 1517
3162 267
3162 4782
3162 2052
3162 5766
3162 3263
3162 345
3162 2182
267 3263
3263 345
3263 2182
2840 3517
4359 3517
4917 3161
4917 412
4784 2715
4784 3644
878 412
4875 1854
67 1415
67 1854
2715 5990
2715 1110
2715 747
2715 1854
2715 6308
2742 1854
4340 1591
4340 2999
4340 1854
6238 1092
2794 412
2794 1415
2794 1854
837 5990
837 1110
837 3018
837 1591
837 3644
837 4935
837 2999
837 1854
5990 1110
5990 1591
5990 1854
1231 1110
1231 3018
1231 1591
1231 4997
1231 1854
3161 412
3161 1415
1110 3018
1110 1591
1110 4997
1110 3644
1110 4935
1110 747
1110 2999
1110 1854
1110 6308
3790 1591
3790 1854
3018 1591
3018 4997
3018 3644
3018 4935
3018 2999
3018 1854
1591 4997
1591 3644
1591 5135
1591 4935
1591 2999
1591 1854
4997 3644
4997 4935
4997 2999
4997 1854
3644 2999
3644 1854
412 1415
412 1854
5135 1854
4935 1854
1415 1854
2999 1854
1854 6308
1145 691
280 4602
1049 1383
5766 5914
5766 2510
97 4061
1579 6185
5358 4345
5358 1752
5358 5492
5358 848
5358 320
2061 596
2061 4893
2061 224
2061 6365
2061 6344
2061 320
596 4893
596 5492
596 320
4345 4893
4345 224
4345 6365
4345 848
4345 6344
4345 320
1752 848
4893 224
4893 6365
4893 5492
4893 848
4893 6344
4893 4164
4893 320
224 5492
224 848
224 320
5492 848
848 320
4164 320
270 2573
270 1126
538 4933
3162 4084
4984 59
3242 59
59 3112
4985 793
308 4575
335 5973
4234 2425
5973 3242
2242 6119
2242 6513
2242 4784
2242 747
1110 6119
3959 6119
6119 6513
6119 6238
6119 4784
978 2676
978 1894
2676 1894
4296 4797
6075 4933
4933 6071
4918 4517
31 7
1115 2712
4372 271
2087 5855
4688 2950
4688 2773
2950 2773
1848 4379
5973 59
5973 3497
5973 2605
3242 2605
59 4600
59 6101
59 3497
6101 3497
6101 2605
3497 2605
6263 4933
6338 5095
6338 1527
6338 3095
5095 3095
4933 3095
870 2056
4127 2959
5331 4933
57 3111
613 4913
613 4016
613 4993
3717 1900
6338 2717
5095 2726
2726 3095
3004 3095
3004 1527
3289 1527
1697 2717
2717 3095
3036 4950
890 3865
890 4158
890 4950
5872 2972
424 5996
1518 6271
1518 3298
1166 6271
6271 1527
6271 1523
6271 3042
6271 5814
6271 4583
6271 4253
6271 1540
6271 4039
6271 3929
6271 5170
6271 5367
6271 4611
6271 3298
6271 1298
1527 1523
1527 3042
1527 5367
6138 3929
5849 1523
5849 3042
5849 3298
1523 2469
1523 3929
1523 4975
1523 3298
2469 3929
2469 3298
3042 4254
3042 5367
3042 3298
4324 3298
2122 3298
5814 5367
5814 4591
4583 4253
4583 3929
4583 5367
4583 4591
4254 3929
4254 5367
4254 3298
1913 4039
1913 5367
1913 3298
4253 4039
4253 5170
4253 5367
4253 4611
4253 3298
4253 4591
1540 3929
1540 4591
4039 3929
4039 5170
4039 5367
4039 4272
4039 5382
4039 4611
4039 3298
4039 1298
4039 4591
4039 5023
4039 1562
3929 4975
3929 3289
3929 5170
3929 5367
3929 4611
3929 3298
3929 4591
3929 2924
4975 1298
4975 4591
3289 3298
5170 5367
5170 3298
5170 4591
5367 4611
5367 3298
5367 1298
5367 4591
4272 3298
5382 3298
4611 3298
4611 1298
3298 5060
3298 1298
3298 4591
3298 2924
3298 5023
3298 1562
3298 1658
1298 4591
5023 1562
4912 286
473 467
467 3527
1964 4933
1269 6507
1269 6162
1269 4952
6507 4006
6507 6162
6507 1894
6122 978
6122 1894
1482 4006
4006 6162
6162 4952
1691 153
1414 4652
1414 5181
4652 5181
2747 985
2747 4665
2747 149
2747 4602
2747 280
2747 6318
2747 3408
2747 245
5737 4602
690 149
690 5562
690 4114
690 245
6393 149
6393 5562
6393 245
2921 149
2921 4114
2921 245
985 4665
985 149
985 4602
985 6318
4665 696
4665 149
4665 4602
4665 280
4665 4656
4665 6318
4665 3408
4665 245
696 4950
696 2471
696 4656
696 4114
6483 245
1565 5562
149 4602
149 5556
149 280
149 5562
149 3305
149 6318
149 3408
149 4114
149 245
2471 4656
4602 6318
4602 3408
4602 245
5556 3408
280 5562
280 6318
5562 4661
5562 4114
6118 245
3305 245
4661 4114
6318 3408
6318 245
4114 245
4547 2028
3639 2995
50 3953
1983 3953
1355 5814
5367 3953
4367 3953
5814 3953
3383 1500
4817 73
6359 1705
1410 3953
2726 3953
226 2570
271 6089
271 6344
271 596
271 3248
271 4893
271 224
271 6365
271 4029
271 927
271 953
271 3317
271 848
271 5715
271 320
2947 5043
2947 5715
5358 6089
5358 5043
5358 4029
5358 3317
5358 5715
6089 4372
6089 5043
6089 4345
6089 224
6089 4029
6089 927
6089 3317
6089 848
6089 5715
6089 4319
6089 1525
6089 320
6344 3339
6344 3248
6344 2420
6344 3835
6344 4029
6344 927
6344 953
6344 3317
6344 5715
6344 4319
6344 1525
4372 5043
4372 4029
4372 927
4372 3317
4372 5492
4372 5715
4372 4319
4372 1525
4372 320
1251 2061
1251 596
1251 3339
1251 2420
1251 4893
1251 4029
1251 927
1251 953
1251 5715
2061 3248
2061 4029
2061 927
2061 953
2061 3317
2061 5715
596 3339
596 5043
596 3248
596 2420
596 3835
596 4029
596 927
596 953
596 3317
596 5715
596 4319
596 1525
3339 3248
3339 4893
3339 224
3339 6365
3339 4029
3339 927
3339 953
3339 3317
3339 848
3339 5715
3339 320
5043 3248
5043 4893
5043 224
5043 4029
5043 927
5043 953
5043 3317
5043 848
5043 5715
3248 2420
3248 4345
3248 3835
3248 4893
3248 224
3248 6365
3248 4029
3248 927
3248 953
3248 3317
3248 848
3248 5492
3248 5715
3248 4319
3248 1525
3248 320
5534 5715
2420 4893
2420 224
2420 6365
2420 4029
2420 927
2420 953
2420 3317
2420 848
2420 5715
2420 320
4345 4029
4345 927
4345 953
4345 3317
4345 5715
3835 4893
3835 224
3835 4029
3835 927
3835 953
3835 3317
3835 848
3835 5715
3835 320
4893 4029
4893 927
4893 953
4893 3317
4893 5715
4893 4319
4893 1525
224 4029
224 927
224 953
224 3317
224 5715
224 4319
224 1525
6365 4029
6365 927
6365 953
6365 3317
6365 5715
6365 4319
4029 927
4029 953
4029 3317
4029 848
4029 5715
4029 4319
4029 1525
4029 320
927 953
927 3317
927 5492
927 5715
927 4319
927 1525
927 320
953 3317
953 848
953 5492
953 5715
953 4319
953 1525
953 320
3317 848
3317 5492
3317 5715
3317 4319
3317 1525
3317 320
848 5715
848 4319
848 1525
5492 5715
5715 4319
5715 1525
5715 320
4319 320
1525 320
3111 2573
1387 2573
2398 336
1360 4950
385 935
1674 935
5768 4409
5768 6073
5768 324
4409 6073
4409 5535
4409 324
4409 390
4409 5696
4409 3919
6073 5535
6073 324
6073 390
6073 5696
6073 3919
5535 324
5535 390
5535 5696
324 390
324 3919
1309 1916
150 2827
4918 2827
2827 2959
2827 286
6158 2436
6158 4386
2294 6025
4269 1031
3050 1062
4912 1691
3158 657
657 1691
3806 1527
3143 5849
2420 4575
5214 6022
515 6022
927 4575
4575 669
3460 3929
5968 1088
5968 3491
5968 2570
1803 3491
1803 2570
4678 1088
4678 3491
4678 2570
4561 2876
1174 2570
817 2570
5249 1088
5249 3491
5249 2570
1957 3491
1957 2570
1088 3491
1088 5267
3184 3491
3184 2570
2846 2570
3491 1171
3491 1908
3491 2570
3491 5654
3491 5267
5584 2570
1171 2570
1908 2570
4484 2570
2570 5654
2570 5267
2570 5826
2570 3795
5862 1057
5862 654
1915 654
4612 6600
5481 441
4024 441
6359 1545
6359 441
2411 5034
948 2190
948 5444
948 547
948 955
948 3341
2190 3415
2190 955
5444 3415
3415 547
547 955
4783 5771
455 6071
455 4918
455 2959
5856 5331
5856 4933
3623 1709
3623 2592
553 5287
991 3687
3563 1049
5357 3783
422 4447
4370 5448
4370 4447
3004 4447
5448 4447
1628 6030
6030 2565
6030 3655
6271 878
2608 332
2608 4064
332 4064
1695 4064
4933 5181
1922 6289
6289 5997
4324 2335
4324 935
2335 935
2335 1527
5849 935
935 3095
1236 1010
4701 4316
5650 1010
57 2573
369 1110
1552 6163
1749 1106
1749 5161
5850 5161
1360 4576
1360 4158
2858 4950
513 4158
686 943
4254 6224
6224 3748
5180 3188
2515 517
1271 4679
4632 6187
2844 5849
4064 4022
4064 6424
4064 4276
4064 2361
4064 2373
4022 6424
4022 332
3275 6424
3275 4276
153 6424
6133 6424
6424 4276
6424 332
6424 2361
6424 2373
6424 1695
6424 3340
6424 657
6424 4944
4276 332
4276 2361
4276 2373
4276 1695
332 2373
2361 1695
2361 1691
932 6119
2321 1110
718 6119
4447 5426
4447 2723
5448 5426
21 1749
1595 4809
1438 4871
2039 571
5023 571
5362 571
571 900
571 3200
571 5088
2011 0
3824 1525
3188 5167
4006 5153
3639 5153
3424 5153
5153 2248
6417 4107
709 3136
2352 1126
1376 417
1376 3249
1230 417
1230 5646
417 5646
417 3249
5646 3249
1768 3906
1768 4340
229 6271
1858 1816
1816 1518
1816 6271
5669 4028
2755 2041
2324 2506
2324 4653
2324 4850
2324 5850
2324 5759
1440 5759
6136 4968
6136 4653
3220 5759
4968 4653
4968 5759
2506 4653
2506 4850
2506 4246
4648 4349
4648 4850
4648 3699
4648 4246
4648 5759
4653 5850
4653 5759
4653 5257
6429 3699
6429 5759
3544 5759
6168 3699
889 4850
4349 4850
4349 3699
4349 4246
4349 5759
2870 3699
4850 3699
4850 5850
4850 5759
3699 4246
3699 5759
4246 5850
4246 5759
4447 3095
5226 859
1355 4918
4918 6353
4918 5814
3747 4871
5855 3348
5855 4192
5855 5985
5855 473
5855 467
5855 5358
5855 3223
5855 3407
5855 2093
5855 5021
5776 5985
5776 3527
5776 473
5776 467
5776 2293
5776 3431
5776 1752
5776 3590
5776 4853
5776 5358
5776 4115
5776 3223
5776 14
5776 3407
5776 2093
5776 848
5776 2481
5776 2592
5776 2489
3348 473
3348 467
3348 1752
3348 3590
3348 4853
3348 3223
3348 3407
3348 2093
3348 4204
3348 2481
3348 2489
4192 473
4192 467
4192 3590
4192 3223
4192 3407
4192 4204
4192 2481
5985 3527
5985 5669
5985 473
5985 467
5985 2293
5985 1752
5985 3590
5985 4853
5985 4115
5985 3223
5985 5997
5985 14
5985 2093
5985 2481
5985 4151
5985 2489
3527 5669
3527 1752
3527 3590
3527 4853
3527 4115
3527 3223
3527 3407
3527 2093
3527 2481
3527 2489
5669 473
5669 467
5669 2293
5669 1752
5669 3590
5669 4853
5669 4115
5669 3223
5669 6289
5669 5997
5669 14
5669 3407
5669 2093
5669 2592
5669 1922
473 3590
473 4853
473 3223
473 3407
473 2093
473 4204
473 2489
467 2293
467 1752
467 3590
467 302
467 4853
467 5358
467 4115
467 3223
467 6289
467 5997
467 14
467 3407
467 2093
467 848
467 4204
467 2481
467 2592
467 4151
467 1922
467 2489
2293 3590
2293 4853
2293 4115
2293 3223
2293 2093
2293 2481
2293 2489
3431 3590
3431 3223
1752 3590
1752 4853
1752 4115
1752 3223
1752 2093
1752 4204
1752 2481
1752 2592
1752 2489
3590 302
3590 5358
3590 4115
3590 3223
3590 6289
3590 5997
3590 14
3590 848
3590 4204
3590 2592
3590 4151
3590 1922
3590 2489
3590 5077
302 3223
302 3407
302 2481
4853 5358
4853 4115
4853 3223
4853 14
4853 3407
4853 848
4853 2489
5358 4115
5358 3223
5358 3407
5358 2093
5358 4204
5358 2481
5358 2489
4115 3223
4115 3407
4115 2093
4115 4204
4115 2481
4115 2489
3223 6289
3223 5997
3223 14
3223 3407
3223 2093
3223 848
3223 4204
3223 2481
3223 2592
3223 4151
3223 1922
3223 2489
3223 5077
6289 4151
6289 2489
5997 14
5997 2481
5997 4151
5997 2489
14 2093
14 848
14 2481
14 4151
14 2489
3407 2093
3407 4204
3407 2481
3407 2489
2796 3238
2093 848
2093 4204
2093 2481
2093 2489
4204 2592
2481 2592
2481 5021
2592 2489
4151 1922
4151 2489
1922 2489
2489 5077
4447 1690
4447 2726
1690 3095
1690 5046
2726 6098
2726 5046
1710 4158
1851 1347
3745 6185
5236 4498
2425 3273
3298 3151
3298 3273
4756 4784
1355 2111
1355 5199
1355 3849
4918 5199
4918 3849
5199 3849
3849 5814
3849 6353
4359 179
2158 6025
3523 6025
6025 521
3843 3263
1355 4383
4918 2115
3849 3344
3615 467
467 2696
5693 3771
5693 5613
5693 5207
1741 1049
3344 2676
2 6080
6301 6080
1876 6080
5391 6080
5637 6080
4976 6080
6166 6080
4551 3418
4653 3357
3357 6136
3357 2506
3357 5759
3130 3523
3130 6025
5433 441
3182 3400
1756 5679
5043 3824
1674 1527
902 4642
902 941
902 5208
902 3607
902 4646
902 3815
902 5340
902 6394
902 6459
902 4017
902 1342
902 5917
902 4503
902 49
902 752
902 1197
902 2418
902 6211
902 230
902 584
902 1551
902 5708
902 3772
902 1122
902 1826
902 3610
902 3851
902 1456
902 2824
902 5
902 5628
902 1809
902 2132
902 6548
902 4399
902 3855
902 81
902 6181
902 6270
902 2154
902 2579
902 3177
902 1390
902 5176
5340 3772
5340 1122
5340 1456
5340 2154
752 4399
3772 1456
3772 2154
1122 1456
1122 2154
1456 2154
656 1010
1010 5047
3298 4486
3298 385
3121 3791
3121 5034
3121 382
3791 2411
3791 382
5034 382
4486 3929
5855 620
4707 5467
107 2303
545 4797
545 2303
4797 2303
4894 2190
948 1581
1581 5444
1581 3341
1581 2190
4246 6544
4648 6544
774 5759
5759 6544
6544 4349
6214 4933
6214 5331
6214 5856
6214 2959
294 280
3585 5001
4914 5001
5317 5001
3247 1641
6099 5001
6099 1641
4358 5001
4358 1641
4064 1563
4064 5001
4064 1641
4022 5001
1563 5001
1563 1641
1563 6327
1563 1695
1563 4110
1078 5001
1078 1641
5001 6221
5001 1641
5001 6327
5001 1695
5001 2608
5001 4110
6221 1641
805 1641
1641 1695
1641 2608
1641 4110
1695 4110
2572 5463
4502 681
59 1077
4918 2787
522 1280
4576 4817
5879 4817
5879 4950
1360 4817
2357 4950
2357 4158
4817 6152
1108 4652
2967 3223
3069 5354
3069 4911
5354 2854
5354 2064
5354 4911
5354 3878
3957 3012
4401 6359
5661 5635
5661 6301
5661 1368
5661 4025
5661 2628
5661 3369
5661 811
5661 5812
2273 5635
2273 1368
6534 1368
6534 811
4344 1368
615 6301
5635 5247
5635 3369
5635 811
6008 1368
6008 811
6093 1368
6301 1368
6301 4025
6301 2628
6301 811
6301 5812
1368 4025
1368 5933
1368 2628
1368 3369
1368 1161
1368 2
1368 811
1368 5812
4025 2628
4025 811
4025 5812
2628 811
2628 5812
3369 811
1161 811
2 811
811 5812
6377 1112
6377 4699
1112 4699
4847 4204
4687 3456
3953 1658
3953 5849
4510 2056
4510 870
4869 6124
2726 935
935 792
6409 1962
3042 921
921 1523
504 5373
504 5771
5886 3865
5886 73
5886 6020
5886 5771
5886 2667
2513 5373
2513 4950
3865 3086
3865 5373
3865 6213
3865 741
3865 198
2908 5373
2908 6213
2908 5844
2908 198
6108 6213
6108 4158
3086 73
3086 6020
3086 2786
3086 5771
3086 2667
8 6020
8 5771
5924 5373
4956 5373
4943 5373
4943 6213
4943 73
4943 3995
4943 6087
4659 5373
1505 5373
1505 790
1505 2366
1505 6213
1505 73
1505 3995
1505 2786
1505 5771
1505 2667
5373 6536
5373 790
5373 2366
5373 890
5373 6213
5373 5288
5373 5844
5373 5748
5373 528
5373 73
5373 2600
5373 1143
5373 3995
5373 6087
5373 198
5373 1744
5373 4496
5373 5344
5373 6020
5373 2786
5373 5771
5373 4950
5373 2667
6536 790
6536 2786
6536 5771
6536 4950
790 6213
790 5844
790 5748
790 198
2366 6213
2366 198
890 5771
890 2667
6213 5844
6213 528
6213 73
6213 3995
6213 6087
6213 198
6213 6020
6213 2786
6213 5771
6213 2667
5844 73
5844 3995
5844 5771
5844 4950
5844 2667
5748 5771
5748 4950
73 198
741 5771
741 2667
3995 198
198 6020
198 2786
198 5771
198 4950
198 2667
714 5242
4384 5446
528 4817
1143 4817
342 4537
8 5446
4783 4537
4783 5446
4783 4817
6152 5411
3086 4537
3086 5446
3086 4817
1360 5446
4943 5411
4943 4537
4943 5446
4943 4817
4659 4537
4659 4817
1223 4817
1505 5446
5771 5411
5771 4537
5771 500
5771 4817
2145 5411
2145 4537
2145 73
2145 198
2145 5446
2145 4817
1906 4817
4613 73
4613 5446
2667 5411
2667 4537
2667 4817
3865 4537
3865 4817
790 4817
5411 73
5411 6087
5411 500
5411 5446
5411 4817
6028 5446
4537 73
4537 5886
4537 500
4537 198
4537 5446
4537 1279
4537 6020
4537 2786
4537 4950
4537 4817
73 500
5886 5446
5886 4817
741 5446
741 4817
504 5446
6087 4817
500 5446
198 5446
198 4817
1329 5446
1838 5446
4576 5446
5446 4817
5446 2838
2786 4817
1447 2810
2481 3623
2481 1709
2481 2080
4605 3590
3407 156
3407 1709
3407 2080
5669 3623
156 5531
156 3223
156 3431
156 1709
156 2093
156 2080
1756 5776
5531 3223
5531 5776
3223 3623
3223 1709
3223 2080
3348 2080
4204 1709
4204 2080
3623 4853
3623 3590
3623 2093
3623 1752
3623 5776
1709 4853
1709 3590
1709 2093
1709 1752
4853 2080
3590 2080
2093 2080
2080 5776
6321 4547
5396 1334
4787 286
5054 453
1527 6011
6011 935
556 5099
3781 2594
5054 3078
6030 697
1112 3124
1890 5843
1890 5506
5237 5843
5843 5369
5843 3456
5369 3456
4046 4158
4046 663
4046 3760
4046 223
4046 152
4046 3316
4046 5929
4046 3029
4046 4950
4158 223
4158 3029
2567 4950
3760 152
3760 3316
5066 223
223 3029
3029 4950
4653 1934
4653 1053
4653 4199
3357 1934
3357 4199
1053 4199
4199 1946
4199 5759
1946 5759
6583 6312
6583 1495
6312 1495
271 5189
3248 5189
5189 4893
5189 6365
5189 4029
5189 953
5189 3317
5189 6344
5189 320
6417 291
3865 2027
3401 2908
3401 4537
3401 5446
3401 5771
3401 4950
2908 1310
2908 2027
2908 4537
2908 5879
2908 500
1310 4537
1310 5446
2145 6213
2145 3995
2667 289
2667 4794
289 5771
2027 4537
2027 3995
2027 5446
2027 2786
2027 5771
2027 4950
2366 4537
2366 4794
4537 6213
4537 6314
4537 5879
4537 3995
4537 5478
4537 5546
4537 4794
6213 5446
6314 5446
6314 4794
5879 5446
5446 4794
6020 4794
5771 4794
5546 4794
1359 935
2179 935
3973 6544
4648 1187
3517 691
793 691
3728 6163
4757 2586
4757 5001
2586 5001
1217 5001
2827 1126
3001 2573
5851 2573
5851 1126
1228 4380
1228 1307
5210 1307
1776 4287
1776 332
1776 5047
1776 1210
4287 4315
4287 3430
1563 332
1563 4316
4315 5047
4315 1210
4315 3430
988 1210
4064 4316
2608 4316
4316 3430
3252 1210
5412 4196
6030 4196
5826 3781
3781 1908
3781 1171
3781 5267
2587 5968
2395 6377
6377 4581
1709 4192
1709 2696
1709 467
1709 4055
1709 5818
1709 3683
1709 4847
1709 3484
1709 5740
1709 5855
1709 2997
1709 515
5776 5818
5776 3683
5776 515
302 515
5051 3590
5051 3223
5051 5855
3348 515
4192 156
4192 2696
4192 2080
4192 2967
4192 5818
4192 3683
4192 4847
4192 5740
4192 515
2087 156
2087 473
2087 2696
2087 467
2087 2080
2087 5818
2087 3052
2087 3683
2087 3590
2087 4853
2087 4847
2087 3223
2087 5740
2087 3407
2087 515
2087 2458
2087 2093
2087 4204
2087 2481
156 2696
156 467
156 4055
156 2967
156 5818
156 3052
156 3683
156 6044
156 4847
156 5740
156 2997
156 515
156 2458
156 5738
473 4842
473 2696
473 4055
473 2967
473 5818
473 3683
473 4847
473 5740
473 515
473 2458
577 3590
577 3223
577 5855
4842 467
4842 3590
4842 4853
4842 3223
4842 5740
4842 5855
4842 3407
4842 515
4842 2093
4842 4204
4842 2481
2696 2080
2696 4055
2696 2967
2696 5818
2696 3052
2696 3683
2696 3590
2696 4853
2696 3223
2696 5855
2696 3407
2696 2997
2696 2458
2696 2093
2696 4204
2696 2481
467 2080
467 4055
467 2967
467 5818
467 3052
467 3683
467 4847
467 3484
467 5740
467 2997
467 2458
467 1260
782 5818
782 3590
782 3223
782 5855
2080 4055
2080 2967
2080 5818
2080 3052
2080 3683
2080 4847
2080 5740
2080 5855
2080 2997
2080 515
2080 2458
4055 2967
4055 5818
4055 3052
4055 3683
4055 3590
4055 4847
4055 3223
4055 5740
4055 5855
4055 2997
4055 515
4055 2458
4055 4204
4055 2481
3261 3590
3261 3223
3261 5855
2967 5818
2967 3052
2967 3683
2967 3590
2967 4853
2967 4847
2967 5740
2967 5855
2967 3407
2967 2997
2967 515
2967 2458
2967 2093
2967 4204
2967 2481
5818 3052
5818 3683
5818 3590
5818 4853
5818 4847
5818 3223
5818 5740
5818 5855
5818 3407
5818 2997
5818 515
5818 2458
5818 2093
5818 4204
5818 2481
3052 3683
3052 3590
3052 4853
3052 4847
3052 3223
3052 5740
3052 5855
3052 3407
3052 515
3052 2458
3052 2093
3052 4204
3052 2481
3683 3590
3683 4853
3683 4847
3683 3223
3683 5740
3683 5855
3683 3407
3683 2997
3683 515
3683 2458
3683 2093
3683 4204
3683 2481
3590 5749
3590 4847
3590 5740
3590 4459
3590 2997
3590 515
3590 2458
3590 5138
3590 6196
3590 1260
3590 4190
3590 5700
4853 4847
4853 5740
4853 515
4853 2458
5749 5855
4847 3223
4847 5855
4847 3407
4847 2458
4847 2093
4847 2481
4847 5738
3223 3484
3223 5740
3223 4459
3223 2997
3223 515
3223 2458
3223 5138
3223 6196
3223 1260
3223 5738
3484 5855
3484 2997
5740 5855
5740 3407
5740 2458
5740 2093
5740 4204
5740 2481
5740 5738
4459 5855
5855 2997
5855 515
5855 2458
5855 5138
5855 6196
5855 1260
5855 4190
5855 5700
3407 2458
2997 4204
2997 2481
515 2458
515 2093
515 4204
515 2481
515 5738
2458 2093
2458 4204
2458 2481
2481 5738
1053 4850
6544 4850
3504 878
3350 2636
4985 3517
2764 2815
242 2636
245 2946
470 229
470 6271
1841 4850
5426 4370
1389 3517
5654 6193
3781 6193
307 5153
5591 4787
319 4993
5814 1816
5849 1816
5492 5855
5043 2967
5043 5855
5043 2481
5043 5021
2967 4029
2967 6089
2967 4319
5855 4029
5855 6089
5855 3317
5855 4319
4029 2481
4029 5021
6089 2481
6089 5021
4319 2481
4319 5021
5063 5759
3318 1824
588 6375
588 5072
588 591
588 1824
6375 5072
6375 591
6375 1824
5072 591
5072 1824
591 1824
4918 2400
6353 4933
2400 5814
5855 69
4644 307
3284 1243
4950 6114
4542 5249
4542 1957
4542 5968
4542 1803
4542 5826
1452 5826
4678 3979
3623 467
156 822
467 69
467 822
4055 69
5818 69
5818 822
69 3683
69 3223
69 822
69 4204
69 2481
4061 4847
4061 3223
4061 5740
4061 515
3683 822
4847 97
97 3223
97 5740
97 515
3223 822
5855 822
822 2481
280 2054
2200 5153
2200 4709
1778 5153
1778 4709
6162 5153
6162 325
5153 4709
4709 4993
4709 4006
5799 4379
876 110
415 4586
935 3298
3095 3298
3635 1895
1128 3908
1017 1895
3908 613
3908 1260
1846 4911
613 1895
4911 319
5001 5993
2145 1
2908 4817
2667 1
5886 5594
1 5594
876 2605
2442 681
5973 4468
1863 19
2815 4333
2764 4333
4370 4933
935 4447
4933 4447
4547 2684
2489 4134
6193 752
311 752
1726 4494
4494 4003
57 270
270 2352
2384 1112
6377 5576
6377 3124
6541 1112
6541 3124
6541 3569
6541 5896
6541 2395
5576 1112
5576 3124
5576 3569
5576 2395
4884 1112
4884 3569
3565 3569
1112 3569
1112 5896
1112 2395
3124 3569
3569 2395
3795 4949
2846 4949
752 5654
1908 4949
1957 4949
5584 4949
5249 4949
693 4949
693 4678
3979 4949
1174 4949
5826 4949
5826 2720
4949 2720
4949 4678
4949 1171
4949 5267
4949 4004
4949 4484
4644 4709
307 4709
1355 4933
1414 4933
1690 3042
811 4269
811 1031
1027 4575
515 2928
4575 2928
5591 389
4207 3446
229 412
3292 1126
3571 3522
3571 3908
520 3908
224 3223
5043 3683
5043 487
3343 334
3615 2250
961 470
961 1355
470 1355
470 932
229 1355
1355 771
1355 1274
1355 932
6074 4213
5046 935
6404 935
1748 935
2425 935
3932 3418
1894 935
4563 935
935 432
935 2693
4041 4933
5367 6187
1235 2573
2095 4933
2249 4006
4631 4006
5862 4006
6162 4018
6271 1355
2400 3849
4784 4733
747 4733
6119 4733
5063 4850
774 4850
3973 4850
2693 3953
2919 1563
5001 332
332 1641
4429 1798
4429 1726
1798 1726
1798 801
1726 801
3824 224
417 1777
6071 4218
6071 6214
455 423
455 4218
455 6214
4918 423
4918 4218
4918 6214
423 4218
423 6214
4218 6214
4871 1884
1236 3430
4230 2489
4205 2489
4028 2489
2489 1162
4263 3713
4263 5923
4263 3366
4263 6409
4263 4551
4263 1749
2404 3366
2404 6409
2404 1749
2401 3366
2401 1749
5581 3366
3713 3366
5923 3366
5923 6409
5923 4551
5923 1749
3366 6409
3366 1962
3366 4551
3366 1749
3366 3932
3366 3418
6409 4551
6409 1749
6409 3932
6409 3418
4551 1749
1749 3932
1749 3418
6114 280
811 6274
332 583
2919 6424
2919 4276
4316 4358
4316 6424
4316 2373
4316 583
4358 5761
4358 6424
4358 583
5761 4064
5761 1563
5761 6424
5761 583
4064 583
1563 6424
1563 4276
1563 583
6424 583
4276 583
3626 583
6246 583
2373 583
583 1691
709 412
1674 4933
319 6507
6507 6398
4064 1010
2608 1010
5761 1641
5761 4110
3262 1010
4358 1010
3740 1010
1010 1641
1010 5545
1010 2373
1010 583
1641 3340
1641 583
1641 4316
4316 4110
4401 3429
4401 1053
3429 1053
6409 6052
6052 3366
3366 1694
4873 3494
4209 3343
3343 2332
4890 462
4814 446
4814 4049
5223 4480
5223 446
5223 1565
5223 1159
5223 5562
5223 6594
5223 4049
5223 4661
446 6594
446 4049
6594 4049
6528 2636
4847 1795
4847 1789
4847 5630
4449 1795
1795 1789
3639 325
5812 6274
5812 1249
5812 3422
2628 6274
2628 1249
2628 3422
5661 6274
5661 1249
5661 3422
6274 1249
6274 6008
6274 5635
6274 3422
6274 4025
6274 3369
615 3992
1249 811
1249 3992
1249 3422
1249 6301
1249 4025
1249 3369
1249 1161
811 3992
811 3422
3992 3422
3992 6301
3992 4025
3422 6301
3422 4025
3422 3369
3422 1161
5776 4230
3527 4230
3292 4731
3292 2352
4731 2352
4731 2573
4731 1126
4462 3317
4462 5776
4094 6044
4094 5776
376 3317
41 2487
3898 1798
3898 1726
1798 3548
6361 3639
4668 3366
4668 1749
4668 6330
4668 3932
3366 6330
6409 6330
1749 6330
6330 3932
1106 5389
1851 6206
6206 1347
2683 2827
5443 2827
332 2712
6213 4817
6200 4571
5562 6114
696 6114
1863 3587
1863 4964
1863 6114
3587 6114
3587 19
6114 4656
4410 6197
5214 2292
5214 2928
2292 2928
6022 2928
3623 2489
995 2880
1742 6340
1010 1790
936 2362
5028 4255
4255 686
5755 4242
2544 3881
3694 3881
2694 3881
1862 3881
4902 3881
1017 1631
6271 3136
4316 3096
4316 6327
4316 5441
5761 3096
908 1563
1236 3228
1236 1641
3275 1563
3275 3096
1563 3096
3228 1641
3228 5993
3096 694
3096 1641
3096 6327
3096 5441
3096 583
694 1641
1641 5993
5441 583
5679 27
6111 5894
332 3023
1894 1786
4563 1786
1066 1786
827 1309
1749 6474
6474 6330
6474 3932
437 3648
6513 102
6513 3754
102 3754
2054 6114
1602 4823
4823 2890
4823 432
4823 5428
4823 6404
4823 3648
4823 4563
5155 5428
5155 142
5428 142
142 4933
126 6119
4542 1908
4542 3781
4561 3781
2876 3781
5249 3781
3491 3781
1908 1903
2594 3491
6274 1368
1249 4269
1249 1368
1249 1031
3422 4269
3422 1368
3422 1031
4269 1368
4269 3992
1368 6402
1368 3992
1368 1031
3992 1031
4028 3223
4205 3223
4230 3223
4230 5669
4230 3013
4230 1639
4230 5090
4230 1922
4230 6289
2489 224
2489 3013
2489 1639
2489 5090
2489 6271
3223 1162
3223 3013
3223 1639
3223 5090
3223 6271
224 1162
224 3623
224 2592
224 3013
224 1639
224 6271
1162 3623
1162 2592
1162 5669
1162 3013
1162 1639
1162 5090
1162 6271
3623 3013
3623 1639
3623 6271
2592 3013
2592 1639
2592 6271
3793 6271
4498 6271
4498 1518
4633 6271
2711 6271
4333 3649
179 691
1112 222
4756 747
4756 6119
4756 6111
3754 6119
3754 6111
932 6111
6513 6111
4784 6111
2242 6111
747 6111
6119 6111
6296 1058
6296 281
6296 3644
6296 3383
6296 1500
6296 2377
6296 3804
6296 4725
6296 1955
6296 2613
6437 1955
931 1955
1058 3383
1058 1500
1058 4725
1058 1955
1058 2613
281 3383
281 4725
281 1955
281 2613
3644 1955
3644 2613
3383 2377
3383 4725
3383 1955
3383 2613
1500 4725
1500 1955
2377 4725
2377 1955
2377 2613
3804 1955
3804 2613
4725 1955
4725 2613
1955 6443
1955 2613
4652 3953
1025 2921
1025 446
1025 4049
2921 446
2921 4049
4502 3162
4502 4404
3162 3113
3162 3440
3162 2307
3162 3693
3162 5419
3162 1180
3162 3960
3162 5877
3162 775
3162 619
3162 4282
3162 4609
3162 3378
3162 2264
3162 3633
3162 6256
3162 3412
3162 587
3162 3033
3162 876
3162 612
3162 2442
3162 3843
3162 620
3162 2643
3162 3832
3162 2605
3162 1914
3162 5221
3162 5254
3162 5517
3162 2102
3162 3146
3162 4404
3162 681
3113 4404
3440 4404
2307 4404
3263 587
3263 2643
3263 4404
3693 4404
5419 4404
1180 4404
5877 4404
775 4404
4782 4404
5766 4404
5001 5221
619 4404
4282 4404
4609 4404
3378 4404
2264 4404
3633 4404
6256 4404
3412 4404
345 4404
4084 4404
587 2643
3033 4404
876 4404
612 4404
2442 4404
3843 4404
620 4404
2643 4404
3832 4404
2605 4404
1914 4404
5221 4404
5254 4404
5517 4404
2102 4404
3146 4404
4404 681
1082 6359
2362 5405
2362 5467
936 5405
936 5467
5405 5467
1960 4316
6204 408
6204 5025
5287 408
5287 5025
5287 3438
408 5025
408 3438
408 3333
408 553
1626 5025
1626 3438
5025 3438
5025 3333
5025 3172
5025 553
5025 2069
5025 441
3438 3333
3438 3172
3438 553
3438 2069
3438 441
3333 2069
3333 441
4688 2515
2515 2950
2515 2773
2515 2668
2515 389
2950 2668
2950 389
6238 389
1043 1126
2699 78
4205 3590
3590 4028
3590 4050
1709 2489
3223 4050
4050 2489
1355 4652
4652 412
2715 6119
2191 2250
2952 2614
6053 2533
6053 2331
2533 2331
688 1234
119 2801
2801 5890
5223 4114
5223 4950
5968 2801
4678 2801
2801 5397
4542 2570
6066 2570
4765 2594
4765 2570
436 2570
4750 2570
1452 2570
2594 1908
2594 5968
2594 4678
2594 4484
2594 2570
2594 5826
2594 3795
862 4484
2570 3781
6424 6103
6424 3023
2712 3023
1523 935
1523 2335
935 6271
5872 2502
6406 3069
3493 1228
476 3873
734 3873
4046 3873
1436 3873
3873 5904
4773 5697
4010 5697
709 6353
5073 5760
229 1976
156 4933
156 27
3298 4933
3298 27
2726 27
5776 4134
5448 3590
5448 2489
2303 27
878 3042
5181 27
3590 4134
3590 5426
4652 4933
935 27
1690 27
412 4933
4134 4205
3042 4933
4933 27
4933 3953
2489 5426
628 5077
1017 2048
4489 1742
4489 628
4489 1234
590 1742
590 628
590 1234
1742 628
1742 4702
1742 1234
628 4702
628 1234
4702 1234
529 319
4164 319
4164 1846
4164 3015
319 3015
1846 3015
4333 1035
3649 1035
5970 2699
6119 3035
3571 3924
4379 1412
6073 1617
4409 1617
1964 1976
1964 1355
1976 4933
1641 6297
5811 245
5223 245
6389 245
4088 245
2993 245
6265 245
1025 245
446 245
4626 245
3466 245
2066 245
3232 245
6228 245
2597 245
6594 245
4049 245
2988 245
3516 245
3235 245
3934 3042
3934 1858
3042 1858
1119 257
5985 3263
2378 5153
3035 6111
4150 1692
3069 5300
4250 5300
5730 5354
5730 5300
5354 5300
2145 5373
5373 2027
5373 4537
5373 5879
5373 5446
5373 4817
3995 4817
1269 3924
3924 4006
5848 5453
5848 4
5453 4
4316 2586
4316 5001
967 2586
967 5001
694 6424
694 5001
5761 2586
5761 5001
4358 2586
3585 2586
5317 1010
5317 2184
4064 2586
4022 2586
3944 1010
3944 2184
4456 1010
4456 2184
6324 5001
650 5001
1078 6424
1078 583
6424 2586
6424 1217
6424 5001
6424 1010
6424 2184
6424 1641
2586 332
2586 1010
2586 2184
2586 1641
2586 3023
2586 2608
2586 1382
5001 1010
5001 2271
5001 1115
5001 2714
5001 2184
5001 5545
5001 2373
5001 2712
5001 583
5001 3023
5001 1382
4914 1010
4914 2184
3228 1010
1010 6221
1010 2184
1010 1382
6221 2184
2184 1641
2184 1382
1641 3023
5872 3501
5872 3505
3501 3505
3669 4915
5629 4915
1661 3881
2400 1355
3987 6576
2585 1947
4683 1947
5025 1947
3438 1947
1802 1947
4304 1947
2222 441
4050 3589
4949 3141
1908 3141
862 3141
5249 3141
2128 3141
6287 3141
6287 4484
2846 3141
3795 3141
3141 4484
7 1916
1412 434
4002 434
226 4678
226 1803
4949 2570
467 4306
467 1845
69 4306
69 3484
69 2997
4306 3223
4306 3484
4306 5855
4306 2997
3223 1845
1845 5855
2908 5411
5373 5411
226 1979
4678 1979
2570 1979
3013 3590
3013 2250
5985 2250
5985 4134
5985 4230
5985 4370
5448 2250
3527 2250
4205 2250
473 2250
6235 3590
6235 2250
467 3263
467 2250
467 4134
467 4370
2293 2250
1752 2250
4127 3590
4127 2250
3263 3590
3263 2250
3263 3223
3263 5997
3263 4134
3263 4230
3263 4370
3263 4151
3263 2489
3590 2959
3590 2250
3590 1639
3590 3188
3590 5054
3590 3615
3590 4230
3590 5492
3590 3529
3590 5180
3590 4370
3590 4332
3590 1162
3590 5090
3590 3294
3590 3456
3590 3169
2959 2250
2250 4853
2250 1639
2250 3223
2250 6289
2250 5997
2250 4028
2250 3188
2250 5855
2250 5054
2250 4134
2250 4230
2250 2093
2250 5492
2250 848
2250 3529
2250 5180
2250 4370
2250 4332
2250 1162
2250 14
2250 5426
2250 5090
2250 1922
2250 4151
2250 3294
2250 2489
2250 3456
2250 3169
3223 4370
5997 4230
5997 4370
4134 4230
4134 4370
4230 4370
4230 4151
4370 4151
4370 2489
2383 3760
2383 6410
2383 4255
3760 6410
3760 4255
6410 4255
5693 749
6424 3096
5001 3096
5001 5441
2840 3081
4579 41
4579 2487
4579 3081
41 3081
2487 3081
4135 2917
4135 5777
2917 5777
6550 3436
2376 4566
3997 4566
2058 2180
1341 1411
1097 4037
797 3720
797 5910
1560 5361
3711 4874
5976 5541
5541 6392
5976 6392
2819 1302
5128 949
3090 3274
3090 949
3090 251
3274 949
3274 251
949 251
5797 4464
1570 1018
1706 5225
3288 2920
3532 895
4926 5398
1142 6419
6419 3420
712 5797
3090 4535
3090 4926
4535 4926
4535 3274
4926 3274
5398 5128
4445 5128
4445 701
4445 4535
4445 4926
4445 5398
1706 4657
1872 3724
6126 2891
2891 2892
2892 3846
3346 2781
3090 4445
3090 3597
5128 3597
3274 3597
6571 1464
6571 1942
6571 3193
1464 1942
1464 3193
1942 3193
3532 1147
5797 4260
4260 4464
1018 701
1018 5128
3597 251
2025 3204
3752 1375
6601 1278
857 1444
3927 3608
54 655
6412 1734
1687 1849
2987 5008
6425 5008
3160 5005
2749 1930
6068 6131
6116 5601
3711 5515
5667 2031
3494 1857
3494 6498
4873 6498
3382 2364
2670 1396
3939 1679
1203 6157
3308 5539
4318 3780
6147 1493
4056 2419
3666 5101
5474 1392
1904 6564
1904 4639
6564 4639
5571 852
1910 5571
5571 33
6084 5971
